{
 "cells": [
  {
   "cell_type": "code",
   "execution_count": 3,
   "metadata": {},
   "outputs": [],
   "source": [
    "import os\n",
    "import math\n",
    "import matplotlib\n",
    "import numpy as np\n",
    "import pandas as pd\n",
    "import seaborn as sns\n",
    "import time\n",
    "\n",
    "from datetime import date\n",
    "from matplotlib import pyplot as plt\n"
   ]
  },
  {
   "cell_type": "code",
   "execution_count": 12,
   "metadata": {},
   "outputs": [
    {
     "name": "stdout",
     "output_type": "stream",
     "text": [
      "AAPL.csv\n",
      "      Unnamed: 0   adj close       close        date   high         low  \\\n",
      "2387         250  197.919998  197.919998  2019-07-01  199.5  197.050003   \n",
      "\n",
      "            open    volume  \n",
      "2387  198.679993  31078300  \n",
      "      Unnamed: 0   adj close       close        date        high         low  \\\n",
      "2384         247  195.570007  195.570007  2019-06-25  199.259995  195.289993   \n",
      "2385         248  199.800003  199.800003  2019-06-26  200.990005  197.350006   \n",
      "2386         249  199.740005  199.740005  2019-06-27  201.570007  199.570007   \n",
      "2387         250  197.919998  197.919998  2019-07-01  199.500000  197.050003   \n",
      "2387         250  197.919998  197.919998  2019-07-01  199.500000  197.050003   \n",
      "\n",
      "            open    volume  \n",
      "2384  198.429993  21070300  \n",
      "2385  197.770004  26067500  \n",
      "2386  200.289993  20899700  \n",
      "2387  198.679993  31078300  \n",
      "2387  198.679993  31078300  \n",
      "AMZN.csv\n"
     ]
    },
    {
     "name": "stderr",
     "output_type": "stream",
     "text": [
      "C:\\Anaconda\\lib\\site-packages\\ipykernel_launcher.py:12: SettingWithCopyWarning: \n",
      "A value is trying to be set on a copy of a slice from a DataFrame.\n",
      "Try using .loc[row_indexer,col_indexer] = value instead\n",
      "\n",
      "See the caveats in the documentation: http://pandas.pydata.org/pandas-docs/stable/indexing.html#indexing-view-versus-copy\n",
      "  if sys.path[0] == '':\n"
     ]
    },
    {
     "name": "stdout",
     "output_type": "stream",
     "text": [
      "      Unnamed: 0    adj close        close        date         high     low  \\\n",
      "2387         250  1893.630005  1893.630005  2019-07-01  1912.939941  1884.0   \n",
      "\n",
      "             open   volume  \n",
      "2387  1909.099976  3027500  \n",
      "      Unnamed: 0    adj close        close        date         high  \\\n",
      "2384         247  1878.270020  1878.270020  2019-06-25  1916.390015   \n",
      "2385         248  1897.829956  1897.829956  2019-06-26  1903.800049   \n",
      "2386         249  1904.280029  1904.280029  2019-06-27  1911.239990   \n",
      "2387         250  1893.630005  1893.630005  2019-07-01  1912.939941   \n",
      "2387         250  1893.630005  1893.630005  2019-07-01  1912.939941   \n",
      "\n",
      "              low         open   volume  \n",
      "2384  1872.420044  1911.839966  3012300  \n",
      "2385  1887.319946  1892.479980  2441900  \n",
      "2386  1898.040039  1902.000000  2141700  \n",
      "2387  1884.000000  1909.099976  3027500  \n",
      "2387  1884.000000  1909.099976  3027500  \n",
      "FB.csv\n",
      "      Unnamed: 0  adj close  close        date        high         low  \\\n",
      "1788         250      193.0  193.0  2019-07-01  193.199997  189.940002   \n",
      "\n",
      "            open    volume  \n",
      "1788  190.550003  16360900  \n",
      "      Unnamed: 0   adj close       close        date        high         low  \\\n",
      "1785         247  188.839996  188.839996  2019-06-25  193.139999  188.130005   \n",
      "1786         248  187.660004  187.660004  2019-06-26  190.759995  187.309998   \n",
      "1787         249  189.500000  189.500000  2019-06-27  198.880005  188.270004   \n",
      "1788         250  193.000000  193.000000  2019-07-01  193.199997  189.940002   \n",
      "1788         250  193.000000  193.000000  2019-07-01  193.199997  189.940002   \n",
      "\n",
      "            open    volume  \n",
      "1785  192.880005  16750300  \n",
      "1786  189.539993  12808600  \n",
      "1787  189.880005  11159000  \n",
      "1788  190.550003  16360900  \n",
      "1788  190.550003  16360900  \n",
      "GOOG.csv\n",
      "      Unnamed: 0    adj close        close        date    high          low  \\\n",
      "2387         250  1080.910034  1080.910034  2019-07-01  1081.0  1073.369995   \n",
      "\n",
      "             open   volume  \n",
      "2387  1076.390015  1693200  \n",
      "      Unnamed: 0    adj close        close        date         high  \\\n",
      "2384         247  1086.349976  1086.349976  2019-06-25  1114.349976   \n",
      "2385         248  1079.800049  1079.800049  2019-06-26  1092.969971   \n",
      "2386         249  1076.010010  1076.010010  2019-06-27  1087.099976   \n",
      "2387         250  1080.910034  1080.910034  2019-07-01  1081.000000   \n",
      "2387         250  1080.910034  1080.910034  2019-07-01  1081.000000   \n",
      "\n",
      "              low         open   volume  \n",
      "2384  1083.800049  1112.660034  1546900  \n",
      "2385  1072.239990  1086.500000  1810900  \n",
      "2386  1075.290039  1084.000000  1004300  \n",
      "2387  1073.369995  1076.390015  1693200  \n",
      "2387  1073.369995  1076.390015  1693200  \n",
      "NFLX.csv\n",
      "      Unnamed: 0   adj close       close        date        high         low  \\\n",
      "2387         250  367.320007  367.320007  2019-07-01  371.540009  364.869995   \n",
      "\n",
      "           open   volume  \n",
      "2387  370.26001  4587200  \n",
      "      Unnamed: 0   adj close       close        date        high         low  \\\n",
      "2384         247  360.299988  360.299988  2019-06-25  371.000000  358.290009   \n",
      "2385         248  362.200012  362.200012  2019-06-26  366.790009  361.600006   \n",
      "2386         249  370.019989  370.019989  2019-06-27  370.850006  363.200012   \n",
      "2387         250  367.320007  367.320007  2019-07-01  371.540009  364.869995   \n",
      "2387         250  367.320007  367.320007  2019-07-01  371.540009  364.869995   \n",
      "\n",
      "            open   volume  \n",
      "2384  370.750000  5750400  \n",
      "2385  361.600006  3669700  \n",
      "2386  363.200012  4138600  \n",
      "2387  370.260010  4587200  \n",
      "2387  370.260010  4587200  \n"
     ]
    }
   ],
   "source": [
    "\n",
    "directory_in_str = 'fang'\n",
    "\n",
    "directory = os.fsencode(directory_in_str)\n",
    "\n",
    "for file in os.listdir(directory):\n",
    "    filename = os.fsdecode(file)\n",
    "    if filename.endswith(\".csv\"):\n",
    "        print(filename)\n",
    "        og = pd.read_csv(directory_in_str + '/' +filename, sep = \",\")\n",
    "        more =og.tail(1)\n",
    "        more[\"date\"]='2019-07-01'\n",
    "        print(more)\n",
    "        og =og.append(more)\n",
    "        print(og.tail())\n",
    "        og.to_csv(directory_in_str + '/' +filename)"
   ]
  },
  {
   "cell_type": "code",
   "execution_count": 32,
   "metadata": {},
   "outputs": [
    {
     "name": "stdout",
     "output_type": "stream",
     "text": [
      "AAPL.csv\n",
      "          date        open        high         low       close   adj close  \\\n",
      "246 2019-06-24  198.539993  200.160004  198.169998  198.580002  198.580002   \n",
      "247 2019-06-25  198.429993  199.259995  195.289993  195.570007  195.570007   \n",
      "248 2019-06-26  197.770004  200.990005  197.350006  199.800003  199.800003   \n",
      "249 2019-06-27  200.289993  201.570007  199.570007  199.740005  199.740005   \n",
      "250 2019-06-28  198.679993  199.500000  197.050003  197.919998  197.919998   \n",
      "\n",
      "       volume  \n",
      "246  18220400  \n",
      "247  21070300  \n",
      "248  26067500  \n",
      "249  20899700  \n",
      "250  31078300  \n",
      "      adj close       close       date        high         low        open  \\\n",
      "246  198.580002  198.580002 2019-06-24  200.160004  198.169998  198.539993   \n",
      "247  195.570007  195.570007 2019-06-25  199.259995  195.289993  198.429993   \n",
      "248  199.800003  199.800003 2019-06-26  200.990005  197.350006  197.770004   \n",
      "249  199.740005  199.740005 2019-06-27  201.570007  199.570007  200.289993   \n",
      "250  197.919998  197.919998 2019-06-28  199.500000  197.050003  198.679993   \n",
      "\n",
      "       volume  \n",
      "246  18220400  \n",
      "247  21070300  \n",
      "248  26067500  \n",
      "249  20899700  \n",
      "250  31078300  \n",
      "AMZN.csv\n",
      "          date         open         high          low        close  \\\n",
      "246 2019-06-24  1912.660034  1916.859985  1901.300049  1913.900024   \n",
      "247 2019-06-25  1911.839966  1916.390015  1872.420044  1878.270020   \n",
      "248 2019-06-26  1892.479980  1903.800049  1887.319946  1897.829956   \n",
      "249 2019-06-27  1902.000000  1911.239990  1898.040039  1904.280029   \n",
      "250 2019-06-28  1909.099976  1912.939941  1884.000000  1893.630005   \n",
      "\n",
      "       adj close   volume  \n",
      "246  1913.900024  2283000  \n",
      "247  1878.270020  3012300  \n",
      "248  1897.829956  2441900  \n",
      "249  1904.280029  2141700  \n",
      "250  1893.630005  3027500  \n",
      "       adj close        close       date         high          low  \\\n",
      "246  1913.900024  1913.900024 2019-06-24  1916.859985  1901.300049   \n",
      "247  1878.270020  1878.270020 2019-06-25  1916.390015  1872.420044   \n",
      "248  1897.829956  1897.829956 2019-06-26  1903.800049  1887.319946   \n",
      "249  1904.280029  1904.280029 2019-06-27  1911.239990  1898.040039   \n",
      "250  1893.630005  1893.630005 2019-06-28  1912.939941  1884.000000   \n",
      "\n",
      "            open   volume  \n",
      "246  1912.660034  2283000  \n",
      "247  1911.839966  3012300  \n",
      "248  1892.479980  2441900  \n",
      "249  1902.000000  2141700  \n",
      "250  1909.099976  3027500  \n",
      "FB.csv\n",
      "          date        open        high         low       close   adj close  \\\n",
      "246 2019-06-24  192.419998  193.979996  191.570007  192.600006  192.600006   \n",
      "247 2019-06-25  192.880005  193.139999  188.130005  188.839996  188.839996   \n",
      "248 2019-06-26  189.539993  190.759995  187.309998  187.660004  187.660004   \n",
      "249 2019-06-27  189.880005  198.880005  188.270004  189.500000  189.500000   \n",
      "250 2019-06-28  190.550003  193.199997  189.940002  193.000000  193.000000   \n",
      "\n",
      "       volume  \n",
      "246  15509000  \n",
      "247  16750300  \n",
      "248  12808600  \n",
      "249  11159000  \n",
      "250  16360900  \n",
      "      adj close       close       date        high         low        open  \\\n",
      "246  192.600006  192.600006 2019-06-24  193.979996  191.570007  192.419998   \n",
      "247  188.839996  188.839996 2019-06-25  193.139999  188.130005  192.880005   \n",
      "248  187.660004  187.660004 2019-06-26  190.759995  187.309998  189.539993   \n",
      "249  189.500000  189.500000 2019-06-27  198.880005  188.270004  189.880005   \n",
      "250  193.000000  193.000000 2019-06-28  193.199997  189.940002  190.550003   \n",
      "\n",
      "       volume  \n",
      "246  15509000  \n",
      "247  16750300  \n",
      "248  12808600  \n",
      "249  11159000  \n",
      "250  16360900  \n",
      "GOOG.csv\n",
      "          date         open         high          low        close  \\\n",
      "246 2019-06-24  1119.609985  1122.000000  1111.010010  1115.520020   \n",
      "247 2019-06-25  1112.660034  1114.349976  1083.800049  1086.349976   \n",
      "248 2019-06-26  1086.500000  1092.969971  1072.239990  1079.800049   \n",
      "249 2019-06-27  1084.000000  1087.099976  1075.290039  1076.010010   \n",
      "250 2019-06-28  1076.390015  1081.000000  1073.369995  1080.910034   \n",
      "\n",
      "       adj close   volume  \n",
      "246  1115.520020  1395600  \n",
      "247  1086.349976  1546900  \n",
      "248  1079.800049  1810900  \n",
      "249  1076.010010  1004300  \n",
      "250  1080.910034  1693200  \n",
      "       adj close        close       date         high          low  \\\n",
      "246  1115.520020  1115.520020 2019-06-24  1122.000000  1111.010010   \n",
      "247  1086.349976  1086.349976 2019-06-25  1114.349976  1083.800049   \n",
      "248  1079.800049  1079.800049 2019-06-26  1092.969971  1072.239990   \n",
      "249  1076.010010  1076.010010 2019-06-27  1087.099976  1075.290039   \n",
      "250  1080.910034  1080.910034 2019-06-28  1081.000000  1073.369995   \n",
      "\n",
      "            open   volume  \n",
      "246  1119.609985  1395600  \n",
      "247  1112.660034  1546900  \n",
      "248  1086.500000  1810900  \n",
      "249  1084.000000  1004300  \n",
      "250  1076.390015  1693200  \n",
      "NFLX.csv\n",
      "          date        open        high         low       close   adj close  \\\n",
      "246 2019-06-24  370.269989  375.000000  370.200012  371.040009  371.040009   \n",
      "247 2019-06-25  370.750000  371.000000  358.290009  360.299988  360.299988   \n",
      "248 2019-06-26  361.600006  366.790009  361.600006  362.200012  362.200012   \n",
      "249 2019-06-27  363.200012  370.850006  363.200012  370.019989  370.019989   \n",
      "250 2019-06-28  370.260010  371.540009  364.869995  367.320007  367.320007   \n",
      "\n",
      "      volume  \n",
      "246  4830200  \n",
      "247  5750400  \n",
      "248  3669700  \n",
      "249  4138600  \n",
      "250  4587200  \n",
      "      adj close       close       date        high         low        open  \\\n",
      "246  371.040009  371.040009 2019-06-24  375.000000  370.200012  370.269989   \n",
      "247  360.299988  360.299988 2019-06-25  371.000000  358.290009  370.750000   \n",
      "248  362.200012  362.200012 2019-06-26  366.790009  361.600006  361.600006   \n",
      "249  370.019989  370.019989 2019-06-27  370.850006  363.200012  363.200012   \n",
      "250  367.320007  367.320007 2019-06-28  371.540009  364.869995  370.260010   \n",
      "\n",
      "      volume  \n",
      "246  4830200  \n",
      "247  5750400  \n",
      "248  3669700  \n",
      "249  4138600  \n",
      "250  4587200  \n"
     ]
    }
   ],
   "source": [
    "\n",
    "directory_in_str = 'fang'\n",
    "\n",
    "directory = os.fsencode(directory_in_str)\n",
    "\n",
    "for file in os.listdir(directory):\n",
    "    filename = os.fsdecode(file)\n",
    "    if filename.endswith(\".csv\"):\n",
    "        print(filename)\n",
    "        og = pd.read_csv(directory_in_str + '/' +filename, sep = \",\")\n",
    "        new = pd.read_csv('faang_up_to_date' + '/' +filename, sep = \",\")\n",
    "        og=og.drop(columns=['ticker','actual_diff','Unnamed: 0'])\n",
    "        og = og.rename(str.lower, axis='columns')\n",
    "        new = new.rename(str.lower, axis='columns')\n",
    "        og.loc[:, 'date'] = pd.to_datetime(og['date'],format='%m/%d/%Y')\n",
    "        new.loc[:, 'date'] = pd.to_datetime(new['date'],format='%Y-%m-%d')\n",
    "\n",
    "        add = new[(new['date'] > '2018-08-24')]\n",
    "        og =og.append(add)\n",
    "        print(add.tail())\n",
    "        print(og.tail())\n",
    "        og.to_csv(directory_in_str + '/' +filename)"
   ]
  },
  {
   "cell_type": "code",
   "execution_count": null,
   "metadata": {},
   "outputs": [],
   "source": []
  }
 ],
 "metadata": {
  "kernelspec": {
   "display_name": "Python 3",
   "language": "python",
   "name": "python3"
  },
  "language_info": {
   "codemirror_mode": {
    "name": "ipython",
    "version": 3
   },
   "file_extension": ".py",
   "mimetype": "text/x-python",
   "name": "python",
   "nbconvert_exporter": "python",
   "pygments_lexer": "ipython3",
   "version": "3.7.1"
  }
 },
 "nbformat": 4,
 "nbformat_minor": 2
}
