,ticker,open,close,Adj Close,low,high,volume,Date
14233317,D,39.0999984741211,38.959999084472706,27.8261833190918,38.8400001525879,39.4199981689453,2175500,2010-01-04
14233327,D,38.8600006103516,38.47999954223629,27.4833469390869,38.0800018310547,39.02000045776371,2802200,2010-01-05
14233339,D,38.5,38.52000045776371,27.5119190216064,38.290000915527294,38.72999954223629,2882500,2010-01-06
14233349,D,38.529998779296896,38.5800018310547,27.5547733306885,38.2400016784668,38.5999984741211,1903400,2010-01-07
14233361,D,38.529998779296896,38.560001373291,27.5404891967773,38.220001220703104,38.6199989318848,1779000,2010-01-08
14233371,D,38.680000305175795,39.1300010681152,27.9475975036621,38.680000305175795,39.1500015258789,2566400,2010-01-11
14233383,D,39.040000915527294,38.930000305175795,27.8047561645508,38.8300018310547,39.25,1944300,2010-01-12
14233393,D,39.0099983215332,39.1500015258789,27.9618797302246,38.790000915527294,39.3600006103516,2232000,2010-01-13
14233405,D,39.029998779296896,39.1100006103516,27.933313369751,38.8600006103516,39.1699981689453,1455800,2010-01-14
14233415,D,39.029998779296896,38.8499984741211,27.747615814209,38.5,39.040000915527294,2234100,2010-01-15
14233427,D,38.9000015258789,39.430000305175795,28.1618595123291,38.77000045776371,39.439998626709,1536500,2010-01-19
14233437,D,39.1199989318848,39.040000915527294,27.8833122253418,38.52000045776371,39.1500015258789,1767500,2010-01-20
14233460,D,39.0999984741211,38.529998779296896,27.519067764282198,38.2999992370605,39.439998626709,2846100,2010-01-21
14233470,D,38.4500007629395,37.7999992370605,26.9976806640625,37.7599983215332,38.6100006103516,2821900,2010-01-22
14233483,D,38.0,38.069999694824205,27.1905212402344,37.6599998474121,38.25,1628900,2010-01-25
14233494,D,37.9900016784668,38.0999984741211,27.211950302124,37.7999992370605,38.3300018310547,1688500,2010-01-26
14233507,D,38.0,38.0,27.1405200958252,37.180000305175795,38.029998779296896,3353500,2010-01-27
14233517,D,38.02000045776371,37.5999984741211,26.854833602905302,37.3899993896484,38.060001373291,3144900,2010-01-28
14233529,D,37.680000305175795,37.459999084472706,26.754846572876,37.439998626709,38.0099983215332,3006000,2010-01-29
14233539,D,37.6199989318848,37.75,26.9619655609131,37.1699981689453,37.8600006103516,1762900,2010-02-01
14233551,D,37.7599983215332,37.9900016784668,27.1333866119385,37.22999954223629,38.0,2413300,2010-02-02
14233561,D,37.8899993896484,37.6399993896484,26.8834037780762,37.3600006103516,37.9199981689453,2038900,2010-02-03
14233573,D,37.459999084472706,36.8600006103516,26.3263149261475,36.8300018310547,37.6199989318848,2608000,2010-02-04
14233583,D,36.77000045776371,36.75,26.247735977172898,36.1300010681152,36.8400001525879,3424700,2010-02-05
14233595,D,36.6699981689453,36.27000045776371,25.9049129486084,36.27000045776371,36.7599983215332,2207700,2010-02-08
14233605,D,36.5,36.569999694824205,26.119182586669897,36.3400001525879,37.0499992370605,2705700,2010-02-09
14233617,D,36.5999984741211,36.5999984741211,26.1406078338623,36.1199989318848,36.790000915527294,2707700,2010-02-10
14233627,D,36.47999954223629,37.069999694824205,26.476295471191396,36.1599998474121,37.1399993896484,2975700,2010-02-11
14233639,D,36.7999992370605,37.1399993896484,26.526290893554698,36.5800018310547,37.180000305175795,3826400,2010-02-12
14233649,D,37.220001220703104,38.2400016784668,27.3119430541992,37.2000007629395,38.2599983215332,3302400,2010-02-16
14233661,D,38.2999992370605,38.3800010681152,27.411928176879897,38.1500015258789,38.470001220703104,3341600,2010-02-17
14233671,D,38.290000915527294,38.720001220703104,27.654762268066396,38.290000915527294,38.77000045776371,2527300,2010-02-18
14233683,D,38.529998779296896,39.1699981689453,27.9761581420898,38.459999084472706,39.22999954223629,2522400,2010-02-19
14233694,D,39.4199981689453,39.0,27.8547439575195,38.75,39.439998626709,2924500,2010-02-22
14233706,D,38.970001220703104,38.819999694824205,27.726182937622102,38.7599983215332,39.1500015258789,4133500,2010-02-23
14233716,D,38.52000045776371,38.529998779296896,27.8472518920898,37.970001220703104,38.540000915527294,3940200,2010-02-24
14233728,D,38.180000305175795,38.3400001525879,27.7099227905273,37.720001220703104,38.3899993896484,3361700,2010-02-25
14233738,D,38.279998779296896,37.9900016784668,27.456974029541,37.9900016784668,38.560001373291,3370600,2010-02-26
14233750,D,38.060001373291,38.2999992370605,27.6810150146484,38.060001373291,38.52000045776371,3138400,2010-03-01
14233760,D,38.5099983215332,38.47999954223629,27.811111450195302,38.3600006103516,38.6699981689453,2445900,2010-03-02
14233772,D,38.470001220703104,38.6100006103516,27.905071258544897,38.4099998474121,38.9900016784668,2951300,2010-03-03
14233782,D,38.6199989318848,38.75,28.0062465667725,38.4900016784668,38.8600006103516,2310000,2010-03-04
14233795,D,38.930000305175795,39.1100006103516,28.266433715820302,38.689998626709,39.1500015258789,1835000,2010-03-05
14233805,D,39.1100006103516,39.0800018310547,28.244754791259798,38.9099998474121,39.189998626709,1563000,2010-03-08
14233817,D,39.060001373291,39.220001220703104,28.3459453582764,38.9099998474121,39.3499984741211,2546900,2010-03-09
14233827,D,39.2999992370605,39.3800010681152,28.4615745544434,39.1100006103516,39.4900016784668,3275100,2010-03-10
14233840,D,39.2599983215332,39.6500015258789,28.656715393066396,39.1399993896484,39.6500015258789,1673600,2010-03-11
14233850,D,39.8400001525879,39.689998626709,28.6856250762939,39.5499992370605,39.9000015258789,3437200,2010-03-12
14233862,D,40.2599983215332,39.709999084472706,28.7000789642334,39.47999954223629,40.290000915527294,4653800,2010-03-15
14233871,D,40.1599998474121,39.8899993896484,28.830175399780302,39.6100006103516,40.1599998474121,4744800,2010-03-16
14233883,D,40.0099983215332,40.560001373291,29.314411163330103,39.9199981689453,40.6199989318848,6384400,2010-03-17
14233893,D,40.540000915527294,40.5099983215332,29.278272628784197,40.1399993896484,40.6300010681152,3946600,2010-03-18
14233905,D,40.7000007629395,40.7000007629395,29.415599822998,40.3800010681152,40.77000045776371,6179100,2010-03-19
14233915,D,40.6599998474121,40.1300010681152,29.0036296844482,39.9199981689453,40.6599998474121,4721600,2010-03-22
14233927,D,40.1599998474121,40.189998626709,29.0470027923584,39.819999694824205,40.2599983215332,3657300,2010-03-23
14233943,D,39.8699989318848,40.0800018310547,28.9674892425537,39.8600006103516,40.25,3252800,2010-03-24
14233955,D,40.1100006103516,40.2599983215332,29.097593307495103,39.930000305175795,40.459999084472706,6430700,2010-03-25
14233965,D,40.4199981689453,40.5999984741211,29.343317031860398,40.1300010681152,40.709999084472706,4921900,2010-03-26
14233977,D,40.75,41.180000305175795,29.762510299682603,40.6199989318848,41.27000045776371,3969500,2010-03-29
14233987,D,41.1500015258789,41.2599983215332,29.8203296661377,41.1300010681152,41.6100006103516,5198800,2010-03-30
14233999,D,41.189998626709,41.1100006103516,29.711927413940398,40.959999084472706,41.3899993896484,3518400,2010-03-31
14234009,D,41.2000007629395,41.8300018310547,30.2322978973389,41.1599998474121,41.8300018310547,3441000,2010-04-01
14234022,D,41.8800010681152,41.810001373291,30.217836380004897,41.6500015258789,41.930000305175795,3471200,2010-04-05
14234032,D,41.5900001525879,41.7000007629395,30.1383380889893,41.47999954223629,41.8400001525879,3080400,2010-04-06
14234045,D,41.540000915527294,41.6500015258789,30.1022033691406,41.4199981689453,41.810001373291,3030600,2010-04-07
14234055,D,41.5,41.470001220703104,29.972108840942397,41.4099998474121,41.6100006103516,2722000,2010-04-08
14234067,D,40.9900016784668,41.5900001525879,30.0588359832764,40.709999084472706,41.6399993896484,4652400,2010-04-09
14234077,D,41.77000045776371,41.7999992370605,30.2106094360352,41.5900001525879,41.9199981689453,2145800,2010-04-12
14234089,D,41.6500015258789,41.6699981689453,30.1166648864746,41.5,41.819999694824205,2419700,2010-04-13
14234099,D,41.6100006103516,41.47999954223629,29.9793338775635,41.2400016784668,41.7400016784668,2706800,2010-04-14
14234111,D,41.319999694824205,41.439998626709,29.9504203796387,41.1500015258789,41.5499992370605,2786600,2010-04-15
14234121,D,41.3800010681152,41.180000305175795,29.762510299682603,41.0499992370605,41.540000915527294,3943600,2010-04-16
14234133,D,41.0499992370605,41.279998779296896,29.8347873687744,41.0499992370605,41.3600006103516,2327100,2010-04-19
14234144,D,41.459999084472706,41.4199981689453,29.935977935791,41.25,41.52000045776371,2150800,2010-04-20
14234156,D,41.3300018310547,41.3600006103516,29.892602920532198,41.279998779296896,41.5800018310547,2939800,2010-04-21
14234166,D,41.209999084472706,41.3499984741211,29.8853702545166,41.0499992370605,41.3899993896484,2928400,2010-04-22
14234178,D,41.4000015258789,41.77000045776371,30.1889381408691,41.1100006103516,41.7999992370605,2393600,2010-04-23
14234189,D,41.680000305175795,41.8600006103516,30.253973007202102,41.6500015258789,42.22999954223629,2794200,2010-04-26
14234201,D,41.6300010681152,41.1399993896484,29.7336025238037,41.0900001525879,41.930000305175795,3370900,2010-04-27
14234211,D,41.2400016784668,41.4199981689453,29.935977935791,40.9199981689453,41.4199981689453,3865500,2010-04-28
14234223,D,41.439998626709,41.2999992370605,29.8492450714111,41.1199989318848,41.720001220703104,3208800,2010-04-29
14234237,D,41.3600006103516,41.7999992370605,30.2106094360352,41.2599983215332,42.220001220703104,3931800,2010-04-30
14234250,D,41.9000015258789,42.470001220703104,30.694847106933604,41.72999954223629,42.560001373291,1913800,2010-05-03
14234260,D,42.0,41.680000305175795,30.1238861083984,41.52000045776371,42.310001373291,2541600,2010-05-04
14234272,D,41.5,41.779998779296896,30.1961517333984,41.4099998474121,42.279998779296896,2078000,2010-05-05
14234283,D,41.560001373291,40.209999084472706,29.061450958252,38.069999694824205,41.5999984741211,5621900,2010-05-06
14234295,D,40.040000915527294,40.220001220703104,29.0686817169189,39.529998779296896,40.930000305175795,6092600,2010-05-07
14234305,D,41.0900001525879,41.9099998474121,30.290111541748,40.930000305175795,41.970001220703104,4070400,2010-05-10
14234317,D,41.569999694824205,41.7999992370605,30.2106094360352,41.3699989318848,42.180000305175795,2713400,2010-05-11
14234327,D,41.75,41.8499984741211,30.246746063232397,41.5,41.97999954223629,2308500,2010-05-12
14234339,D,41.7999992370605,41.540000915527294,30.022695541381804,41.459999084472706,42.1199989318848,2044000,2010-05-13
14234349,D,41.4099998474121,40.9900016784668,29.6251907348633,40.7599983215332,41.6399993896484,2578500,2010-05-14
14234361,D,41.1300010681152,41.27000045776371,29.8275661468506,40.709999084472706,41.4000015258789,2918400,2010-05-17
14234372,D,41.3300018310547,40.709999084472706,29.422830581665,40.6599998474121,41.5099983215332,2170300,2010-05-18
14234384,D,40.439998626709,40.430000305175795,29.2204532623291,40.02000045776371,40.680000305175795,2514600,2010-05-19
14234394,D,39.8300018310547,39.2400016784668,28.360397338867198,39.2400016784668,40.0999984741211,4449900,2010-05-20
14234408,D,38.72999954223629,39.529998779296896,28.569988250732397,38.540000915527294,39.540000915527294,3999700,2010-05-21
14234420,D,39.310001373291,39.25,28.367620468139602,39.060001373291,39.8499984741211,2644400,2010-05-24
14234432,D,38.529998779296896,39.22999954223629,28.3531665802002,38.0499992370605,39.2400016784668,4101800,2010-05-25
14234445,D,39.319999694824205,38.560001373291,28.1977691650391,38.4000015258789,39.319999694824205,3408500,2010-05-26
14234457,D,39.1300010681152,39.1399993896484,28.621906280517603,38.7599983215332,39.279998779296896,3020800,2010-05-27
14234465,D,39.02000045776371,38.959999084472706,28.490280151367198,38.9000015258789,39.459999084472706,2952300,2010-05-28
14234477,D,38.7000007629395,38.5900001525879,28.2197074890137,38.5,39.25,4184000,2010-06-01
14234486,D,38.8300018310547,39.720001220703104,29.0460414886475,38.6399993896484,39.720001220703104,4581600,2010-06-02
14234498,D,39.8899993896484,40.1500015258789,29.3604946136475,39.689998626709,40.1599998474121,3335700,2010-06-03
14234506,D,39.720001220703104,39.0099983215332,28.5268363952637,38.9199981689453,39.8899993896484,4523800,2010-06-04
14234518,D,39.1399993896484,39.3300018310547,28.7608489990234,39.029998779296896,40.029998779296896,4826500,2010-06-07
14234526,D,39.2999992370605,40.1599998474121,29.367805480957,39.0800018310547,40.209999084472706,4393300,2010-06-08
14234538,D,40.290000915527294,39.9199981689453,29.1922969818115,39.77000045776371,40.3800010681152,2752800,2010-06-09
14234546,D,40.3699989318848,40.810001373291,29.843130111694304,40.3400001525879,40.819999694824205,2360100,2010-06-10
14234558,D,40.4099998474121,40.5999984741211,29.6895542144775,40.180000305175795,40.7000007629395,2031100,2010-06-11
14234566,D,41.0,40.47999954223629,29.6018047332764,40.470001220703104,41.0,2540300,2010-06-14
14234578,D,40.779998779296896,41.279998779296896,30.186815261840803,40.6599998474121,41.319999694824205,3150000,2010-06-15
14234586,D,41.0099983215332,41.6699981689453,30.472017288207997,41.0,41.77000045776371,2110300,2010-06-16
14234598,D,41.6199989318848,41.8499984741211,30.6036491394043,41.4099998474121,41.9000015258789,2360100,2010-06-17
14234599,D,41.8400001525879,42.0,30.7133350372314,41.72999954223629,42.1199989318848,3392900,2010-06-18
14234607,D,42.4099998474121,41.819999694824205,30.581710815429698,41.6500015258789,42.540000915527294,2507100,2010-06-21
14234619,D,41.9500007629395,40.8600006103516,29.8796901702881,40.7000007629395,41.9900016784668,3710300,2010-06-22
14234627,D,40.689998626709,40.22999954223629,29.418991088867198,39.939998626709,40.7400016784668,3559500,2010-06-23
14234639,D,40.25,40.1500015258789,29.3604946136475,40.0800018310547,40.709999084472706,2312400,2010-06-24
14234640,D,40.1699981689453,40.1699981689453,29.375114440918,39.8600006103516,40.3699989318848,3088700,2010-06-25
14234648,D,40.25,40.569999694824205,29.667615890502898,39.9900016784668,40.75,3463400,2010-06-28
14234661,D,40.22999954223629,39.27000045776371,28.7169723510742,39.1500015258789,40.25,5030400,2010-06-29
14234669,D,39.290000915527294,38.7400016784668,28.3293972015381,38.6100006103516,39.52000045776371,4026100,2010-06-30
14234681,D,38.930000305175795,38.97999954223629,28.504911422729503,38.7599983215332,39.290000915527294,5175900,2010-07-01
14234689,D,39.1399993896484,38.6699981689453,28.278207778930696,38.5900001525879,39.180000305175795,3683800,2010-07-02
14234701,D,38.8600006103516,39.1399993896484,28.621906280517603,38.77000045776371,39.3699989318848,2906100,2010-07-06
14234709,D,39.1199989318848,40.180000305175795,29.3824291229248,38.8800010681152,40.220001220703104,2747500,2010-07-07
14234721,D,40.4099998474121,40.75,29.799259185791,40.189998626709,40.75,2751200,2010-07-08
14234729,D,40.6599998474121,40.9000015258789,29.9089412689209,40.4199981689453,40.959999084472706,1775500,2010-07-09
14234743,D,40.72999954223629,40.9900016784668,29.9747505187988,40.540000915527294,41.0900001525879,1903400,2010-07-12
14234751,D,41.22999954223629,41.0999984741211,30.055189132690398,40.779998779296896,41.319999694824205,2192100,2010-07-13
14234763,D,40.9000015258789,41.439998626709,30.303819656372102,40.790000915527294,41.459999084472706,2594600,2010-07-14
14234764,D,41.439998626709,41.27000045776371,30.1795139312744,40.9500007629395,41.5,2190900,2010-07-15
14234772,D,40.959999084472706,40.430000305175795,29.565246582031197,40.3400001525879,41.209999084472706,2245600,2010-07-16
14234785,D,40.5800018310547,41.4000015258789,30.2745761871338,40.5800018310547,41.5800018310547,2586400,2010-07-19
14234793,D,40.8600006103516,41.959999084472706,30.6840801239014,40.8600006103516,41.970001220703104,3489900,2010-07-20
14234805,D,41.9900016784668,41.2599983215332,30.1722030639648,41.029998779296896,41.9900016784668,2677800,2010-07-21
14234813,D,41.6100006103516,42.220001220703104,30.8742237091064,41.4900016784668,42.4000015258789,3617700,2010-07-22
14234825,D,42.180000305175795,42.4099998474121,31.013162612915,41.8899993896484,42.5,3072100,2010-07-23
14234833,D,42.2599983215332,42.5999984741211,31.1521015167236,42.2599983215332,42.72999954223629,1919900,2010-07-26
14234845,D,42.77000045776371,43.2700004577637,31.6420497894287,42.680000305175795,43.33000183105471,4714900,2010-07-27
14234846,D,43.0900001525879,42.9799995422363,31.429992675781197,42.779998779296896,43.4099998474121,2603400,2010-07-28
14234854,D,43.1599998474121,41.689998626709,30.486652374267603,41.6699981689453,43.41999816894529,4871600,2010-07-29
14234866,D,41.459999084472706,41.9900016784668,30.706033706665,41.2400016784668,42.2000007629395,3631800,2010-07-30
14234874,D,42.4199981689453,43.2000007629395,31.5908699035645,42.4199981689453,43.25,3259900,2010-08-02
14234886,D,43.08000183105471,43.119998931884794,31.5323657989502,42.8600006103516,43.630001068115206,3212100,2010-08-03
14234894,D,43.119998931884794,43.5,31.8102512359619,42.9099998474121,43.6100006103516,2876200,2010-08-04
14234908,D,43.2400016784668,43.5499992370605,31.846805572509798,43.130001068115206,43.5499992370605,1874400,2010-08-05
14234917,D,43.2599983215332,43.66999816894529,31.9345550537109,42.9900016784668,43.6800003051758,2579900,2010-08-06
14234930,D,43.810001373290994,44.029998779296896,32.1978187561035,43.66999816894529,44.0900001525879,1875400,2010-08-09
14234938,D,43.5699996948242,44.1800003051758,32.3075103759766,43.459999084472706,44.5699996948242,3428100,2010-08-10
14234950,D,43.75,43.709999084472706,31.9638175964355,43.5099983215332,43.8899993896484,2985900,2010-08-11
14234959,D,43.3199996948242,43.7999992370605,32.0296249389648,43.119998931884794,43.9799995422363,3385400,2010-08-12
14234971,D,43.6500015258789,43.9099998474121,32.1100730895996,43.5699996948242,44.1800003051758,2449000,2010-08-13
14234979,D,43.7000007629395,44.029998779296896,32.1978187561035,43.5099983215332,44.060001373290994,2531500,2010-08-16
14234991,D,44.3199996948242,44.709999084472706,32.6950874328613,44.0999984741211,44.939998626709006,3647500,2010-08-17
14234999,D,44.6500015258789,44.1100006103516,32.256320953369105,43.880001068115206,44.709999084472706,3720200,2010-08-18
14235011,D,43.970001220703104,43.66999816894529,31.9345550537109,43.5499992370605,44.08000183105471,4790400,2010-08-19
14235019,D,43.3499984741211,43.9300003051758,32.1246910095215,43.3499984741211,44.0200004577637,3551500,2010-08-20
14235031,D,44.0499992370605,44.3499984741211,32.4318237304688,44.040000915527294,44.6599998474121,2700200,2010-08-23
14235039,D,43.9900016784668,44.4099998474121,32.4756927490234,43.939998626709006,44.689998626709006,4093000,2010-08-24
14235051,D,43.2400016784668,43.1500015258789,31.882751464843803,42.6300010681152,43.4799995422363,6411400,2010-08-25
14235059,D,43.1500015258789,42.7599983215332,31.5945854187012,42.680000305175795,43.1800003051758,4235300,2010-08-26
14235071,D,42.9799995422363,43.41999816894529,32.082244873046896,42.560001373291,43.5099983215332,3447900,2010-08-27
14235080,D,43.380001068115206,42.689998626709,31.5428638458252,42.689998626709,43.560001373290994,1667000,2010-08-30
14235094,D,42.6199989318848,42.72999954223629,31.572416305542003,42.2000007629395,43.0200004577637,3668800,2010-08-31
14235103,D,43.16999816894529,43.8600006103516,32.407356262206996,42.970001220703104,44.0,2928800,2010-09-01
14235116,D,43.880001068115206,43.58000183105471,32.2004776000977,43.2000007629395,43.9799995422363,2037000,2010-09-02
14235124,D,43.8600006103516,43.9900016784668,32.5034027099609,43.5,44.0,2347000,2010-09-03
14235136,D,43.810001373290994,43.8199996948242,32.3777923583984,43.7299995422363,44.119998931884794,1578000,2010-09-07
14235145,D,43.9000015258789,43.7299995422363,32.3112983703613,43.630001068115206,44.08000183105471,1759800,2010-09-08
14235157,D,44.0099983215332,43.939998626709006,32.4664688110352,43.7700004577637,44.1599998474121,1672100,2010-09-09
14235166,D,43.75,43.290000915527294,31.9861850738525,43.25,43.8600006103516,3491500,2010-09-10
14235178,D,43.6599998474121,43.91999816894529,32.451686859130895,43.4500007629395,43.9900016784668,2870600,2010-09-13
14235186,D,43.790000915527294,44.029998779296896,32.532966613769496,43.689998626709006,44.2599983215332,5438400,2010-09-14
14235198,D,43.9900016784668,43.4799995422363,32.1265830993652,43.369998931884794,44.08000183105471,4369800,2010-09-15
14235206,D,43.2000007629395,43.5900001525879,32.2078475952148,42.9500007629395,44.1100006103516,5960900,2010-09-16
14235218,D,43.869998931884794,43.41999816894529,32.082244873046896,43.1599998474121,43.8899993896484,3858400,2010-09-17
14235226,D,43.66999816894529,44.290000915527294,32.7250785827637,43.4900016784668,44.380001068115206,3361900,2010-09-20
14235238,D,44.33000183105471,44.1100006103516,32.5920791625977,44.0,44.459999084472706,3214900,2010-09-21
14235246,D,44.1500015258789,44.209999084472706,32.6659660339355,44.1100006103516,44.66999816894529,2268500,2010-09-22
14235258,D,44.0699996948242,43.41999816894529,32.082244873046896,43.3600006103516,44.25,2870600,2010-09-23
14235266,D,43.7599983215332,44.2299995422363,32.6807289123535,43.7299995422363,44.2299995422363,2452500,2010-09-24
14235279,D,44.1599998474121,44.2599983215332,32.7028961181641,44.0999984741211,44.4500007629395,2752300,2010-09-27
14235288,D,44.41999816894529,44.189998626709006,32.6511878967285,43.9000015258789,44.560001373290994,2629700,2010-09-28
14235301,D,43.9300003051758,43.9500007629395,32.473846435546896,43.619998931884794,44.119998931884794,2524600,2010-09-29
14235309,D,44.0099983215332,43.6599998474121,32.259578704834,43.5900001525879,44.2000007629395,2600600,2010-09-30
14235321,D,43.939998626709006,44.029998779296896,32.532966613769496,43.560001373290994,44.1399993896484,2704400,2010-10-01
14235330,D,44.0,43.8899993896484,32.4295234680176,43.6500015258789,44.1800003051758,2070900,2010-10-04
14235342,D,44.1500015258789,44.58000183105471,32.939361572265604,44.0499992370605,44.6399993896484,2760700,2010-10-05
14235351,D,44.58000183105471,44.4900016784668,32.8728370666504,44.310001373290994,44.689998626709006,2530400,2010-10-06
14235363,D,44.58000183105471,44.5099983215332,32.8876266479492,44.3600006103516,44.8600006103516,1742100,2010-10-07
14235371,D,44.6599998474121,44.6800003051758,33.013240814209,44.380001068115206,44.7599983215332,1425300,2010-10-08
14235383,D,44.6599998474121,44.689998626709006,33.0206298828125,44.5900001525879,44.9500007629395,1289200,2010-10-11
14235392,D,44.6599998474121,44.3199996948242,32.747238159179695,44.16999816894529,44.6800003051758,1923800,2010-10-12
14235405,D,44.5099983215332,44.5499992370605,32.9171829223633,44.3400001525879,44.6599998474121,2788300,2010-10-13
14235413,D,44.5499992370605,44.630001068115206,32.976291656494105,44.3600006103516,44.7999992370605,1837900,2010-10-14
14235425,D,44.8400001525879,44.540000915527294,32.9097900390625,44.3199996948242,44.9900016784668,3095300,2010-10-15
14235433,D,44.5699996948242,44.91999816894529,33.190563201904304,44.5699996948242,45.119998931884794,3120200,2010-10-18
14235445,D,44.5099983215332,44.5,32.880241394043004,44.369998931884794,44.8600006103516,3133000,2010-10-19
14235453,D,44.5699996948242,44.7000007629395,33.0280113220215,44.5699996948242,45.1100006103516,2980600,2010-10-20
14235467,D,44.91999816894529,44.7400016784668,33.057571411132805,44.380001068115206,45.040000915527294,3304100,2010-10-21
14235475,D,44.720001220703104,44.5099983215332,32.8876266479492,44.2000007629395,44.8600006103516,3310200,2010-10-22
14235487,D,44.709999084472706,44.459999084472706,32.8506736755371,44.369998931884794,44.8199996948242,2129200,2010-10-25
14235496,D,44.1399993896484,44.040000915527294,32.540355682373,43.6800003051758,44.3199996948242,3244500,2010-10-26
14235508,D,43.6599998474121,43.8199996948242,32.3777923583984,43.25,43.9000015258789,2850800,2010-10-27
14235517,D,43.9300003051758,43.9500007629395,32.473846435546896,43.720001220703104,44.16999816894529,2675400,2010-10-28
14235529,D,43.970001220703104,43.459999084472706,32.111789703369105,43.2000007629395,43.970001220703104,3370900,2010-10-29
14235538,D,43.66999816894529,42.4900016784668,31.395086288452102,42.040000915527294,43.66999816894529,5348400,2010-11-01
14235550,D,42.6500015258789,42.819999694824205,31.638916015625,42.5900001525879,43.1399993896484,2075900,2010-11-02
14235558,D,42.9199981689453,42.8699989318848,31.6758651733398,42.430000305175795,43.029998779296896,2059900,2010-11-03
14235570,D,43.2400016784668,43.529998779296896,32.163516998291,43.1100006103516,43.529998779296896,2843400,2010-11-04
14235579,D,43.439998626709006,43.5,32.141349792480504,43.2000007629395,43.58000183105471,2374500,2010-11-05
14235591,D,43.3400001525879,43.0900001525879,31.8384227752686,42.7999992370605,43.459999084472706,2022100,2010-11-08
14235599,D,43.25,43.0699996948242,31.8236293792725,42.9000015258789,43.459999084472706,2014300,2010-11-09
14235611,D,43.08000183105471,42.9799995422363,31.757139205932603,42.5800018310547,43.08000183105471,1933000,2010-11-10
14235619,D,42.790000915527294,42.8400001525879,31.653690338134798,42.5999984741211,43.0200004577637,1658300,2010-11-11
14235631,D,42.680000305175795,42.8600006103516,31.6684646606445,42.4199981689453,42.959999084472706,2148900,2010-11-12
14235639,D,42.9000015258789,43.119998931884794,31.8605804443359,42.8499984741211,43.2999992370605,2464700,2010-11-15
14235652,D,42.959999084472706,42.790000915527294,31.616746902465803,42.470001220703104,43.369998931884794,3843800,2010-11-16
14235660,D,42.8600006103516,42.4500007629395,31.3655319213867,42.4199981689453,42.959999084472706,2560200,2010-11-17
14235672,D,42.8499984741211,42.7999992370605,31.624135971069304,42.439998626709,42.8499984741211,7885200,2010-11-18
14235680,D,42.680000305175795,42.7599983215332,31.5945854187012,42.459999084472706,42.8699989318848,7915800,2010-11-19
14235692,D,42.72999954223629,43.0099983215332,31.779300689697298,42.6199989318848,43.029998779296896,7714000,2010-11-22
14235700,D,42.7599983215332,42.4900016784668,31.395086288452102,42.3699989318848,42.819999694824205,2552600,2010-11-23
14235712,D,42.2000007629395,42.029998779296896,31.393211364746104,41.8699989318848,42.2000007629395,2465700,2010-11-24
14235720,D,41.8300018310547,41.8400001525879,31.2513103485107,41.6599998474121,42.180000305175795,848300,2010-11-26
14235732,D,41.5999984741211,41.6100006103516,31.0795078277588,41.1300010681152,41.720001220703104,1956900,2010-11-29
14235740,D,41.2999992370605,41.529998779296896,31.0197486877441,41.189998626709,41.810001373291,2971700,2010-11-30
14235752,D,41.930000305175795,42.0499992370605,31.408157348632802,41.6399993896484,42.0800018310547,1942100,2010-12-01
14235761,D,42.040000915527294,42.0999984741211,31.4454917907715,41.7599983215332,42.0999984741211,1678800,2010-12-02
14235774,D,42.0900001525879,42.4199981689453,31.6845207214355,41.9099998474121,42.439998626709,2237800,2010-12-03
14235782,D,42.25,42.040000915527294,31.4006862640381,41.970001220703104,42.470001220703104,1824700,2010-12-06
14235794,D,42.3800010681152,41.9000015258789,31.296119689941396,41.8800010681152,42.4199981689453,2280300,2010-12-07
14235795,D,42.060001373291,41.8300018310547,31.2438316345215,41.7400016784668,42.3499984741211,1891500,2010-12-08
14235803,D,41.959999084472706,41.77000045776371,31.199022293090803,41.540000915527294,42.0,2649200,2010-12-09
14235816,D,41.8699989318848,41.6199989318848,31.086975097656197,41.319999694824205,42.040000915527294,3943700,2010-12-10
14235817,D,41.6300010681152,42.0499992370605,31.408157348632802,41.52000045776371,42.1599998474121,2640600,2010-12-13
14235825,D,42.029998779296896,42.0,31.370813369751,41.8400001525879,42.27000045776371,2278800,2010-12-14
14235837,D,41.9900016784668,41.720001220703104,31.161680221557603,41.7000007629395,42.069999694824205,1950100,2010-12-15
14235838,D,41.819999694824205,42.310001373291,31.602354049682603,41.680000305175795,42.3600006103516,2303900,2010-12-16
14235846,D,42.25,42.569999694824205,31.796550750732397,41.970001220703104,42.6199989318848,7026500,2010-12-17
14235858,D,42.9000015258789,42.930000305175795,32.065460205078104,42.7400016784668,45.0,3792900,2010-12-20
14235866,D,43.0499992370605,42.959999084472706,32.0878486633301,42.779998779296896,43.189998626709006,2214800,2010-12-21
14235878,D,42.9900016784668,42.9199981689453,32.057975769043004,42.779998779296896,43.0200004577637,1755300,2010-12-22
14235886,D,42.9199981689453,42.959999084472706,32.0878486633301,42.819999694824205,43.0999984741211,1079200,2010-12-23
14235898,D,42.8499984741211,42.8899993896484,32.035568237304695,42.75,43.1800003051758,908000,2010-12-27
14235906,D,42.8400001525879,42.9199981689453,32.057975769043004,42.680000305175795,43.0,1458500,2010-12-28
14235918,D,42.930000305175795,42.939998626709,32.0729141235352,42.7599983215332,43.0699996948242,1155300,2010-12-29
14235926,D,42.9000015258789,42.9000015258789,32.043041229248,42.7400016784668,43.0200004577637,1181200,2010-12-30
14235938,D,42.819999694824205,42.720001220703104,31.908594131469698,42.6699981689453,43.0200004577637,1235500,2010-12-31
14235946,D,42.930000305175795,42.75,31.9310111999512,42.5999984741211,42.939998626709,1793000,2011-01-03
14235958,D,42.689998626709,43.1399993896484,32.222316741943395,42.3600006103516,43.1800003051758,2339700,2011-01-04
14235966,D,42.9199981689453,43.029998779296896,32.1401405334473,42.7599983215332,43.1800003051758,1621100,2011-01-05
14235979,D,42.9500007629395,43.189998626709006,32.2596435546875,42.779998779296896,43.209999084472706,1748000,2011-01-06
14235987,D,43.290000915527294,43.2299995422363,32.2895317077637,42.7999992370605,43.3400001525879,1988300,2011-01-07
14235999,D,42.939998626709,42.439998626709,31.6994457244873,42.430000305175795,43.0,3736000,2011-01-10
14236007,D,42.6100006103516,42.3300018310547,31.6173038482666,42.189998626709,42.6100006103516,2106400,2011-01-11
14236019,D,42.560001373291,42.2599983215332,31.565013885498,42.060001373291,42.5999984741211,1812400,2011-01-12
14236027,D,42.27000045776371,42.6100006103516,31.8264331817627,42.1599998474121,42.6399993896484,1845500,2011-01-13
14236039,D,42.9000015258789,42.9799995422363,32.102794647216804,42.5900001525879,43.4099998474121,3749100,2011-01-14
14236047,D,42.9199981689453,42.9799995422363,32.102794647216804,42.8600006103516,43.130001068115206,1661300,2011-01-18
14236059,D,43.0,42.970001220703104,32.095329284668004,42.819999694824205,43.16999816894529,1863200,2011-01-19
14236067,D,42.9500007629395,43.369998931884794,32.394088745117195,42.9099998474121,43.5,2008500,2011-01-20
14236079,D,43.3899993896484,43.3499984741211,32.379150390625,43.119998931884794,43.470001220703104,1599200,2011-01-21
14236087,D,43.279998779296896,43.58000183105471,32.5509567260742,43.279998779296896,43.7700004577637,1311200,2011-01-24
14236099,D,43.58000183105471,43.5699996948242,32.543483734130895,43.4500007629395,43.8499984741211,1773100,2011-01-25
14236107,D,43.6399993896484,43.5499992370605,32.528553009033196,43.33000183105471,43.6500015258789,1358900,2011-01-26
14236120,D,43.470001220703104,43.790000915527294,32.7078018188477,43.470001220703104,44.0,2142000,2011-01-27
14236127,D,43.630001068115206,43.3899993896484,32.409030914306605,43.209999084472706,43.880001068115206,2942200,2011-01-28
14236140,D,43.4799995422363,43.540000915527294,32.5210762023926,43.25,43.560001373290994,1936300,2011-01-31
14236148,D,43.7000007629395,43.779998779296896,32.7003326416016,43.4300003051758,43.8400001525879,1644200,2011-02-01
14236160,D,43.5499992370605,43.5099983215332,32.498668670654304,43.3400001525879,43.630001068115206,2075700,2011-02-02
14236168,D,43.41999816894529,43.689998626709006,32.633113861084,43.3600006103516,43.7700004577637,6894900,2011-02-03
14236180,D,43.6800003051758,43.6100006103516,32.573352813720696,43.2299995422363,43.790000915527294,6684600,2011-02-04
14236188,D,43.380001068115206,43.41999816894529,32.431442260742195,43.2599983215332,43.880001068115206,7921600,2011-02-07
14236200,D,43.5200004577637,43.540000915527294,32.5210762023926,43.1800003051758,43.540000915527294,1888900,2011-02-08
14236208,D,43.5,43.540000915527294,32.5210762023926,43.2599983215332,43.5999984741211,2155200,2011-02-09
14236220,D,43.5099983215332,43.9000015258789,32.7899589538574,43.3400001525879,43.91999816894529,2045800,2011-02-10
14236228,D,43.75,44.119998931884794,32.9542961120605,43.6800003051758,44.189998626709006,2632800,2011-02-11
14236240,D,44.119998931884794,43.6800003051758,32.625637054443395,43.2999992370605,44.119998931884794,2201900,2011-02-14
14236248,D,43.5999984741211,43.7400016784668,32.6704483032227,43.3499984741211,43.779998779296896,1767800,2011-02-15
14236260,D,43.7700004577637,44.0900001525879,32.931877136230504,43.7400016784668,44.189998626709006,2286500,2011-02-16
14236268,D,44.060001373290994,44.1800003051758,32.9991073608398,43.869998931884794,44.2599983215332,2278100,2011-02-17
14236281,D,44.1500015258789,44.369998931884794,33.141017913818395,44.0200004577637,44.41999816894529,2286300,2011-02-18
14236290,D,44.08000183105471,44.290000915527294,33.081253051757805,44.0,44.4000015258789,1909100,2011-02-22
14236303,D,44.2999992370605,44.6399993896484,33.3426933288574,44.2400016784668,44.8199996948242,4229100,2011-02-23
14236311,D,44.6399993896484,44.7400016784668,33.4173774719238,44.58000183105471,44.939998626709006,3519800,2011-02-24
14236323,D,44.8400001525879,45.0,33.6115913391113,44.7599983215332,45.0,1856900,2011-02-25
14236331,D,45.040000915527294,45.630001068115206,34.0821495056152,44.970001220703104,45.630001068115206,3514600,2011-02-28
14236345,D,45.720001220703104,45.5699996948242,34.0373191833496,45.439998626709006,46.16999816894529,3737500,2011-03-01
14236354,D,44.9900016784668,44.790000915527294,33.820236206054695,44.540000915527294,45.3499984741211,2803600,2011-03-02
14236368,D,45.130001068115206,45.529998779296896,34.3790130615234,44.9300003051758,45.6500015258789,2179900,2011-03-03
14236376,D,45.58000183105471,45.540000915527294,34.3865547180176,45.0900001525879,45.619998931884794,2596000,2011-03-04
14236390,D,45.58000183105471,45.41999816894529,34.2959480285645,45.3499984741211,45.8600006103516,2879000,2011-03-07
14236399,D,45.5900001525879,46.1399993896484,34.839599609375,45.540000915527294,46.4300003051758,3016700,2011-03-08
14236413,D,46.0,46.3400001525879,34.990627288818395,46.0,46.560001373290994,2799300,2011-03-09
14236421,D,46.0,45.6599998474121,34.4771575927734,45.6100006103516,46.16999816894529,3103600,2011-03-10
14236435,D,45.4900016784668,45.5099983215332,34.3639106750488,45.25,46.0,4399700,2011-03-11
14236443,D,45.1399993896484,45.1599998474121,34.0996246337891,44.7400016784668,45.290000915527294,3397000,2011-03-14
14236457,D,44.279998779296896,44.7299995422363,33.7749366760254,44.279998779296896,45.0099983215332,4011200,2011-03-15
14236466,D,44.7400016784668,43.720001220703104,33.012302398681605,43.4500007629395,44.75,4672100,2011-03-16
14236481,D,44.1800003051758,43.6100006103516,32.9292335510254,42.9099998474121,44.2400016784668,3745200,2011-03-17
14236489,D,43.8600006103516,43.779998779296896,33.057605743408196,43.7299995422363,44.189998626709006,3483900,2011-03-18
14236503,D,44.3199996948242,44.4900016784668,33.5937156677246,44.0900001525879,44.6500015258789,2140100,2011-03-21
14236511,D,44.619998931884794,44.4300003051758,33.548412322998,44.33000183105471,44.880001068115206,3248800,2011-03-22
14236525,D,44.25,44.08000183105471,33.284133911132805,43.8199996948242,44.470001220703104,2253900,2011-03-23
14236534,D,44.369998931884794,44.4099998474121,33.533298492431605,44.029998779296896,44.5999984741211,2087100,2011-03-24
14236548,D,44.5,44.540000915527294,33.631477355956996,44.3199996948242,44.7000007629395,1549000,2011-03-25
14236557,D,44.5099983215332,44.2299995422363,33.397388458252,44.1599998474121,44.75,2022900,2011-03-28
14236571,D,44.2299995422363,44.5499992370605,33.639026641845696,44.119998931884794,44.75,2240300,2011-03-29
14236580,D,44.7400016784668,45.16999816894529,34.107170104980504,44.630001068115206,45.3199996948242,1856800,2011-03-30
14236594,D,45.0499992370605,44.7000007629395,33.752288818359396,44.5999984741211,45.209999084472706,2336900,2011-03-31
14236602,D,44.7400016784668,44.7000007629395,33.752288818359396,44.6100006103516,44.9000015258789,2496700,2011-04-01
14236616,D,44.7999992370605,44.91999816894529,33.918411254882805,44.709999084472706,44.91999816894529,1410300,2011-04-04
14236625,D,44.7999992370605,44.7700004577637,33.8051414489746,44.6800003051758,45.2400016784668,2221900,2011-04-05
14236626,D,44.8400001525879,45.029998779296896,34.0014610290527,44.6800003051758,45.1100006103516,1760900,2011-04-06
14236640,D,44.959999084472706,44.9500007629395,33.9410629272461,44.6100006103516,44.959999084472706,1998100,2011-04-07
14236648,D,45.2599983215332,44.8199996948242,33.8428916931152,44.7000007629395,45.2599983215332,2018200,2011-04-08
14236662,D,44.7999992370605,43.9799995422363,33.208625793456996,43.7400016784668,44.7999992370605,3204700,2011-04-11
14236669,D,43.959999084472706,43.5999984741211,32.9216918945312,43.4799995422363,44.060001373290994,3037100,2011-04-12
14236683,D,43.880001068115206,43.5499992370605,32.8839340209961,43.529998779296896,44.0499992370605,2137700,2011-04-13
14236690,D,43.3400001525879,44.029998779296896,33.2463722229004,43.2700004577637,44.1800003051758,2064100,2011-04-14
14236704,D,44.0499992370605,44.470001220703104,33.578620910644496,44.029998779296896,44.779998779296896,2400100,2011-04-15
14236712,D,44.119998931884794,44.0999984741211,33.2992362976074,43.8400001525879,44.4300003051758,2399300,2011-04-18
14236726,D,44.029998779296896,44.310001373290994,33.4578056335449,43.970001220703104,44.529998779296896,2364400,2011-04-19
14236734,D,44.619998931884794,44.4799995422363,33.5861625671387,44.3499984741211,44.8499984741211,2722100,2011-04-20
14236748,D,44.58000183105471,44.75,33.7900352478027,44.4799995422363,44.939998626709006,1549700,2011-04-21
14236756,D,44.8600006103516,45.0900001525879,34.0467681884766,44.6800003051758,45.1800003051758,1848800,2011-04-25
14236770,D,45.33000183105471,45.75,34.5451164245605,45.2299995422363,45.939998626709006,2792100,2011-04-26
14236778,D,45.8400001525879,46.060001373290994,34.7791976928711,45.619998931884794,46.1399993896484,2276400,2011-04-27
14236792,D,46.040000915527294,46.33000183105471,34.9830703735352,45.709999084472706,46.4300003051758,1753300,2011-04-28
14236800,D,46.2999992370605,46.41999816894529,35.0510292053223,46.1800003051758,46.5,1789900,2011-04-29
14236814,D,46.5,46.540000915527294,35.1416397094727,46.41999816894529,46.7299995422363,2104500,2011-05-02
14236822,D,46.540000915527294,46.7299995422363,35.2850952148438,46.4799995422363,47.4300003051758,3518300,2011-05-03
14236836,D,46.720001220703104,47.0200004577637,35.5040893554688,46.4000015258789,47.060001373290994,2680400,2011-05-04
14236844,D,46.91999816894529,46.540000915527294,35.1416397094727,46.2400016784668,46.959999084472706,2324400,2011-05-05
14236858,D,47.08000183105471,46.91999816894529,35.4285774230957,46.7599983215332,47.4099998474121,2271100,2011-05-06
14236866,D,46.9099998474121,47.0099983215332,35.496524810791,46.790000915527294,47.1399993896484,1557000,2011-05-09
14236880,D,47.1599998474121,47.6399993896484,35.9722328186035,47.0999984741211,47.7599983215332,2001700,2011-05-10
14236888,D,47.5499992370605,47.6500015258789,35.9797859191895,47.2999992370605,47.6800003051758,2509300,2011-05-11
14236902,D,47.7000007629395,48.1500015258789,36.357337951660206,47.4300003051758,48.189998626709006,1636600,2011-05-12
14236910,D,48.2299995422363,47.9900016784668,36.2365112304688,47.6100006103516,48.3400001525879,1868700,2011-05-13
14236924,D,47.869998931884794,47.869998931884794,36.145900726318395,47.779998779296896,48.2700004577637,1597500,2011-05-16
14236932,D,47.83000183105471,48.33000183105471,36.493247985839794,47.790000915527294,48.3499984741211,2190300,2011-05-17
14236946,D,48.3499984741211,47.970001220703104,36.22141647338871,47.75,48.380001068115206,2118800,2011-05-18
14236954,D,48.040000915527294,48.2000007629395,36.395076751709,47.8600006103516,48.220001220703104,1733100,2011-05-19
14236968,D,48.1399993896484,48.279998779296896,36.455482482910206,47.9500007629395,48.5499992370605,2161400,2011-05-20
14236976,D,47.8600006103516,47.939998626709006,36.198757171630895,47.810001373290994,48.1500015258789,1610800,2011-05-23
14236977,D,48.0999984741211,47.9099998474121,36.176116943359396,47.75,48.16999816894529,2242700,2011-05-24
14236991,D,47.4000015258789,47.1800003051758,35.994903564453104,46.959999084472706,47.5200004577637,2854700,2011-05-25
14236999,D,47.0699996948242,47.3400001525879,36.116981506347706,46.9500007629395,47.4500007629395,1963400,2011-05-26
14237013,D,47.5,47.2299995422363,36.033054351806605,47.16999816894529,47.619998931884794,1697200,2011-05-27
14237021,D,47.5,47.720001220703104,36.406890869140604,47.2599983215332,47.83000183105471,2806600,2011-05-31
14237037,D,47.689998626709006,47.119998931884794,35.9491386413574,47.119998931884794,47.8199996948242,2077100,2011-06-01
14237046,D,47.1399993896484,47.2700004577637,36.0635757446289,46.5499992370605,47.290000915527294,3116600,2011-06-02
14237060,D,46.7999992370605,47.1500015258789,35.9720230102539,46.689998626709006,47.4900016784668,2793300,2011-06-03
14237068,D,47.119998931884794,46.9000015258789,35.781303405761705,46.689998626709006,47.119998931884794,2555900,2011-06-06
14237082,D,47.029998779296896,47.4000015258789,36.1627616882324,46.939998626709006,47.7700004577637,2794000,2011-06-07
14237090,D,47.380001068115206,47.689998626709006,36.384002685546896,47.209999084472706,47.8400001525879,2731100,2011-06-08
14237107,D,47.720001220703104,47.9799995422363,36.605262756347706,47.689998626709006,48.16999816894529,2650300,2011-06-09
14237116,D,48.0,47.529998779296896,36.2619400024414,47.5,48.2000007629395,3286000,2011-06-10
14237150,D,47.66999816894529,47.83000183105471,36.490818023681605,47.1800003051758,47.869998931884794,2923400,2011-06-13
14237151,D,48.060001373290994,47.689998626709006,36.384002685546896,47.560001373290994,48.0999984741211,2034700,2011-06-14
14237159,D,47.5099983215332,47.0999984741211,35.9338798522949,46.939998626709006,47.810001373290994,2371500,2011-06-15
14237173,D,47.1100006103516,47.2599983215332,36.055946350097706,47.0699996948242,47.7400016784668,2839600,2011-06-16
14237181,D,47.470001220703104,47.6599998474121,36.3611183166504,47.470001220703104,47.869998931884794,2937000,2011-06-17
14237195,D,47.5,48.1599998474121,36.742584228515604,47.25,48.189998626709006,2287100,2011-06-20
14237203,D,48.380001068115206,48.2299995422363,36.7959861755371,48.060001373290994,48.5200004577637,2227500,2011-06-21
14237217,D,48.040000915527294,47.7599983215332,36.437408447265604,47.7299995422363,48.060001373290994,1868300,2011-06-22
14237225,D,47.08000183105471,47.1399993896484,35.964393615722706,46.720001220703104,47.3899993896484,2713600,2011-06-23
14237239,D,47.2599983215332,47.25,36.048309326171896,47.1599998474121,47.6399993896484,3248500,2011-06-24
14237247,D,47.4000015258789,47.7000007629395,36.391639709472706,47.380001068115206,47.869998931884794,1278500,2011-06-27
14237262,D,47.7700004577637,47.7999992370605,36.467922210693395,47.5999984741211,47.9500007629395,1261300,2011-06-28
14237270,D,47.9799995422363,48.0999984741211,36.6968116760254,47.66999816894529,48.209999084472706,2160200,2011-06-29
14237284,D,48.279998779296896,48.2700004577637,36.826499938964794,47.8199996948242,48.3600006103516,1786800,2011-06-30
14237292,D,48.380001068115206,48.9900016784668,37.3758087158203,48.25,49.0699996948242,1558400,2011-07-01
14237293,D,48.83000183105471,48.6100006103516,37.0858879089355,48.5099983215332,48.9799995422363,1850400,2011-07-05
14237307,D,48.4799995422363,48.9000015258789,37.3071441650391,48.4000015258789,49.0999984741211,1588200,2011-07-06
14237315,D,49.2599983215332,48.959999084472706,37.35292434692379,48.720001220703104,49.3199996948242,2275200,2011-07-07
14237329,D,48.5900001525879,48.630001068115206,37.1011543273926,48.4300003051758,48.83000183105471,1473300,2011-07-08
14237337,D,48.3400001525879,48.1100006103516,36.704437255859396,47.869998931884794,48.3600006103516,1476800,2011-07-11
14237351,D,47.959999084472706,48.3600006103516,36.8951644897461,47.9300003051758,48.689998626709006,1610900,2011-07-12
14237352,D,48.5699996948242,48.279998779296896,36.8341407775879,48.209999084472706,48.709999084472706,1325200,2011-07-13
14237360,D,48.2299995422363,48.16999816894529,36.750213623046896,48.08000183105471,48.560001373290994,1561900,2011-07-14
14237374,D,48.2400016784668,48.459999084472706,36.9714508056641,47.9900016784668,48.4900016784668,1739800,2011-07-15
14237382,D,48.25,48.0,36.620513916015604,47.810001373290994,48.3499984741211,1460400,2011-07-18
14237396,D,48.119998931884794,48.689998626709006,37.1469306945801,47.8199996948242,48.83000183105471,1698400,2011-07-19
14237404,D,48.9500007629395,49.2599983215332,37.5818023681641,48.75,49.619998931884794,2094300,2011-07-20
14237418,D,49.5499992370605,50.0,38.1463737487793,49.5499992370605,50.4500007629395,2742900,2011-07-21
14237425,D,50.1500015258789,49.779998779296896,37.97853469848629,49.5999984741211,50.1500015258789,1678700,2011-07-22
14237439,D,49.470001220703104,49.5699996948242,37.8183097839355,49.3600006103516,49.7999992370605,2238400,2011-07-25
14237447,D,49.5699996948242,49.2999992370605,37.612312316894496,49.209999084472706,49.5699996948242,1997200,2011-07-26
14237461,D,49.189998626709006,49.0499992370605,37.4215812683105,49.0,49.470001220703104,3059000,2011-07-27
14237469,D,49.33000183105471,48.9900016784668,37.3758087158203,48.689998626709006,49.33000183105471,2609600,2011-07-28
14237483,D,48.689998626709006,48.4500007629395,36.9638328552246,48.1500015258789,49.0200004577637,2956900,2011-07-29
14237491,D,48.83000183105471,48.5900001525879,37.070640563964794,48.189998626709006,48.8600006103516,2015700,2011-08-01
14237505,D,48.33000183105471,48.0999984741211,36.6968116760254,48.0999984741211,48.6100006103516,2574700,2011-08-02
14237506,D,48.1599998474121,48.6599998474121,37.1240386962891,47.9500007629395,48.7000007629395,3031200,2011-08-03
14237514,D,48.220001220703104,47.7700004577637,36.445037841796896,47.720001220703104,48.689998626709006,5144900,2011-08-04
14237528,D,48.1399993896484,48.5900001525879,37.070640563964794,47.470001220703104,48.9799995422363,5807000,2011-08-05
14237536,D,47.8400001525879,45.939998626709006,35.0488815307617,45.75,48.790000915527294,7149900,2011-08-08
14237550,D,46.689998626709006,46.7700004577637,35.6821060180664,44.5,46.8199996948242,6987400,2011-08-09
14237558,D,46.130001068115206,46.3600006103516,35.3693084716797,45.9000015258789,47.720001220703104,4759600,2011-08-10
14237572,D,46.58000183105471,48.029998779296896,36.6433982849121,46.4900016784668,48.58000183105471,9918500,2011-08-11
14237580,D,48.41999816894529,47.709999084472706,36.39927291870121,47.5,48.5900001525879,8429200,2011-08-12
14237594,D,48.119998931884794,49.6800003051758,37.9022254943848,48.060001373290994,49.7299995422363,9296700,2011-08-15
14237602,D,49.189998626709006,49.689998626709006,37.909854888916,49.0200004577637,49.8199996948242,2582000,2011-08-16
14237616,D,49.8899993896484,50.119998931884794,38.2379112243652,49.8400001525879,50.66999816894529,2596800,2011-08-17
14237625,D,49.16999816894529,49.08000183105471,37.44447708129879,48.689998626709006,49.66999816894529,4235900,2011-08-18
14237639,D,48.5999984741211,47.9900016784668,36.6128921508789,47.9000015258789,48.9000015258789,5753500,2011-08-19
14237647,D,48.9000015258789,48.25,36.811241149902294,47.939998626709006,48.939998626709006,3751600,2011-08-22
14237661,D,48.3199996948242,49.0999984741211,37.459724426269496,47.7599983215332,49.3199996948242,7553600,2011-08-23
14237668,D,48.4300003051758,49.58000183105471,38.209197998046896,48.3899993896484,49.689998626709006,4642600,2011-08-24
14237682,D,49.720001220703104,48.939998626709006,37.715980529785206,48.5999984741211,49.810001373290994,3253700,2011-08-25
14237690,D,48.689998626709006,48.459999084472706,37.346061706543004,47.560001373290994,48.8600006103516,3842400,2011-08-26
14237705,D,49.1399993896484,48.970001220703104,37.739097595214794,48.41999816894529,49.380001068115206,3194700,2011-08-29
14237713,D,49.0099983215332,48.75,37.5695571899414,48.540000915527294,49.0099983215332,4027000,2011-08-30
14237727,D,49.029998779296896,48.7400016784668,37.5618553161621,48.5699996948242,49.0499992370605,4204100,2011-08-31
14237735,D,48.7000007629395,48.5900001525879,37.4462432861328,48.4799995422363,48.9799995422363,4089900,2011-09-01
14237750,D,48.0699996948242,47.9799995422363,36.9761505126953,47.810001373290994,48.290000915527294,3529100,2011-09-02
14237758,D,47.0099983215332,47.8899993896484,36.906791687011705,46.709999084472706,47.9300003051758,4324600,2011-09-06
14237773,D,48.2000007629395,48.2000007629395,37.1456909179688,48.029998779296896,48.4900016784668,3711600,2011-09-07
14237781,D,48.0499992370605,48.1500015258789,37.1071548461914,47.8400001525879,48.7299995422363,3114700,2011-09-08
14237795,D,47.619998931884794,47.189998626709006,36.3673324584961,46.75,47.66999816894529,3794500,2011-09-09
14237803,D,46.779998779296896,47.470001220703104,36.583122253418004,46.7000007629395,47.4900016784668,2861700,2011-09-12
14237817,D,47.4900016784668,47.779998779296896,36.8220176696777,47.119998931884794,47.8400001525879,2431000,2011-09-13
14237826,D,47.83000183105471,48.540000915527294,37.4077110290527,47.5499992370605,48.959999084472706,2981400,2011-09-14
14237840,D,49.0499992370605,49.459999084472706,38.1167221069336,48.880001068115206,49.5,2743300,2011-09-15
14237847,D,49.529998779296896,49.8400001525879,38.4095687866211,49.529998779296896,49.970001220703104,3504300,2011-09-16
14237861,D,49.08000183105471,49.7400016784668,38.3325080871582,49.08000183105471,49.869998931884794,2047000,2011-09-19
14237869,D,50.0,50.5999984741211,38.995265960693395,49.7999992370605,51.130001068115206,3964200,2011-09-20
14237883,D,50.5200004577637,49.8899993896484,38.4481086730957,49.8499984741211,51.060001373290994,2797400,2011-09-21
14237892,D,48.689998626709006,49.310001373290994,38.001125335693395,48.689998626709006,49.5699996948242,4653400,2011-09-22
14237906,D,49.1599998474121,49.9900016784668,38.525173187255895,49.0099983215332,50.0900001525879,3782800,2011-09-23
14237914,D,50.4900016784668,50.779998779296896,39.133979797363295,50.0900001525879,50.779998779296896,3600600,2011-09-26
14237930,D,51.369998931884794,50.9300003051758,39.2495918273926,50.630001068115206,51.41999816894529,3434500,2011-09-27
14237938,D,50.869998931884794,50.41999816894529,38.8565444946289,50.279998779296896,51.2999992370605,3377500,2011-09-28
14237952,D,50.9799995422363,51.25,39.49619674682621,50.6500015258789,51.41999816894529,3082400,2011-09-29
14237960,D,50.9000015258789,50.7700004577637,39.1262817382812,50.7299995422363,51.439998626709006,2855700,2011-09-30
14237974,D,50.58000183105471,49.8400001525879,38.4095687866211,49.810001373290994,51.0999984741211,3223700,2011-10-03
14237975,D,49.209999084472706,49.1800003051758,37.9009284973145,48.209999084472706,49.8600006103516,5300000,2011-10-04
14237983,D,49.209999084472706,49.5099983215332,38.155242919921896,48.3199996948242,49.619998931884794,4422300,2011-10-05
14237998,D,49.459999084472706,50.0,38.5328788757324,49.1800003051758,50.0900001525879,2160800,2011-10-06
14238006,D,50.1800003051758,50.2700004577637,38.7409553527832,49.959999084472706,50.7299995422363,2364400,2011-10-07
14238019,D,50.810001373290994,51.2000007629395,39.4576644897461,50.540000915527294,51.2999992370605,1886300,2011-10-10
14238027,D,51.1599998474121,50.58000183105471,38.979850769043004,50.2400016784668,51.1599998474121,2233500,2011-10-11
14238042,D,50.939998626709006,50.16999816894529,38.6638832092285,50.0900001525879,50.939998626709006,2798600,2011-10-12
14238050,D,49.9000015258789,50.040000915527294,38.5636978149414,49.3199996948242,50.1100006103516,2987100,2011-10-13
14238064,D,50.2599983215332,50.4900016784668,38.9104995727539,49.959999084472706,50.5200004577637,2921800,2011-10-14
14238072,D,50.2700004577637,50.0200004577637,38.5482902526855,49.8899993896484,50.6399993896484,2612000,2011-10-17
14238086,D,50.0099983215332,50.470001220703104,38.895088195800795,49.6599998474121,50.779998779296896,3117700,2011-10-18
14238094,D,50.540000915527294,50.959999084472706,39.272712707519496,50.529998779296896,51.5900001525879,1984700,2011-10-19
14238108,D,50.970001220703104,51.040000915527294,39.3343544006348,50.6500015258789,51.459999084472706,2207300,2011-10-20
14238116,D,51.529998779296896,52.0699996948242,40.128135681152294,51.4500007629395,52.08000183105471,2369000,2011-10-21
14238130,D,51.8499984741211,51.4000015258789,39.611789703369105,51.2400016784668,52.0099983215332,2530900,2011-10-24
14238138,D,51.2299995422363,50.7000007629395,39.0723266601562,50.6599998474121,51.4900016784668,2038700,2011-10-25
14238152,D,51.1800003051758,51.1500015258789,39.419136047363295,50.7599983215332,51.2700004577637,2747700,2011-10-26
14238160,D,51.970001220703104,52.0099983215332,40.081901550293004,51.6800003051758,52.3499984741211,3230500,2011-10-27
14238174,D,51.75,51.369998931884794,39.5886726379395,50.5,51.8499984741211,3704800,2011-10-28
14238182,D,51.16999816894529,51.5900001525879,39.7582244873047,51.130001068115206,52.2299995422363,2670900,2011-10-31
14238237,D,50.5,50.4000015258789,38.8411407470703,50.2999992370605,51.0200004577637,3098100,2011-11-01
14238245,D,50.9500007629395,51.2299995422363,39.4807777404785,50.9500007629395,51.529998779296896,1924500,2011-11-02
14238257,D,51.380001068115206,51.7000007629395,39.842987060546896,51.2700004577637,51.8899993896484,2358200,2011-11-03
14238265,D,51.290000915527294,51.560001373290994,39.7350959777832,50.7700004577637,51.5999984741211,2390100,2011-11-04
14238279,D,51.7000007629395,52.4500007629395,40.4209785461426,51.4300003051758,52.4799995422363,2469000,2011-11-07
14238287,D,52.470001220703104,52.6399993896484,40.567409515380895,51.6800003051758,52.6800003051758,2271600,2011-11-08
14238300,D,51.790000915527294,51.279998779296896,39.519313812255895,51.119998931884794,52.189998626709006,2678900,2011-11-09
14238308,D,51.4500007629395,51.3499984741211,39.5732650756836,50.880001068115206,51.720001220703104,2512900,2011-11-10
14238321,D,51.9300003051758,52.060001373290994,40.1204261779785,51.83000183105471,52.6599998474121,2065900,2011-11-11
14238329,D,51.7999992370605,51.7299995422363,39.8661117553711,51.5,52.040000915527294,1511900,2011-11-14
14238341,D,51.529998779296896,51.560001373290994,39.7350959777832,51.5,51.779998779296896,4836800,2011-11-15
14238349,D,51.2400016784668,51.0200004577637,39.318939208984396,50.959999084472706,51.5900001525879,2011000,2011-11-16
14238363,D,50.9300003051758,50.8400001525879,39.180229187011705,50.380001068115206,51.369998931884794,2709100,2011-11-17
14238396,D,51.0900001525879,51.040000915527294,39.3343544006348,50.880001068115206,51.4000015258789,2817600,2011-11-18
14238409,D,50.7299995422363,50.6599998474121,39.0415000915527,50.4000015258789,51.0900001525879,9227000,2011-11-21
14238417,D,50.6599998474121,50.040000915527294,38.5636978149414,50.0,50.7400016784668,2301600,2011-11-22
14238429,D,49.8199996948242,49.310001373290994,38.001125335693395,49.060001373290994,49.8199996948242,1971100,2011-11-23
14238437,D,49.2400016784668,49.5099983215332,38.155242919921896,49.1800003051758,49.8499984741211,993500,2011-11-25
14238449,D,50.4099998474121,50.1100006103516,38.617645263671896,49.869998931884794,50.4900016784668,1925800,2011-11-28
14238458,D,50.380001068115206,50.8499984741211,39.1879425048828,50.279998779296896,51.1500015258789,2012400,2011-11-29
14238470,D,51.2000007629395,51.619998931884794,40.170402526855504,51.130001068115206,51.6599998474121,3367900,2011-11-30
14238478,D,51.4300003051758,51.3499984741211,39.960289001464794,50.959999084472706,51.560001373290994,2876500,2011-12-01
14238492,D,51.459999084472706,50.560001373290994,39.3455238342285,50.470001220703104,51.4900016784668,2608400,2011-12-02
14238500,D,51.0999984741211,50.5,39.2988319396973,50.220001220703104,51.279998779296896,2996600,2011-12-05
14238514,D,50.6599998474121,50.3400001525879,39.17431640625,50.2700004577637,50.689998626709006,3866000,2011-12-06
14238522,D,50.2700004577637,50.5,39.2988319396973,50.040000915527294,50.7999992370605,3077500,2011-12-07
14238547,D,50.5099983215332,50.1399993896484,39.0186729431152,50.0499992370605,50.7000007629395,2515800,2011-12-08
14238555,D,50.33000183105471,50.7700004577637,39.508937835693395,50.2299995422363,50.8400001525879,1776900,2011-12-09
14238556,D,50.5900001525879,50.310001373290994,39.1509780883789,50.0,50.7400016784668,2218500,2011-12-12
14238557,D,50.3199996948242,50.4799995422363,39.2832527160645,50.3199996948242,51.040000915527294,2463300,2011-12-13
14238573,D,50.4000015258789,50.1800003051758,39.0498161315918,50.1599998474121,50.709999084472706,2088000,2011-12-14
14238582,D,50.6500015258789,50.779998779296896,39.5167121887207,50.5,50.9900016784668,2216300,2011-12-15
14238613,D,50.9500007629395,50.6500015258789,39.415554046630895,50.459999084472706,51.1399993896484,3954500,2011-12-16
14238621,D,50.9099998474121,50.3600006103516,39.1898765563965,50.2700004577637,51.209999084472706,2592100,2011-12-19
14238643,D,51.0900001525879,52.119998931884794,40.5594902038574,51.0499992370605,52.25,4715100,2011-12-20
14238651,D,52.119998931884794,52.790000915527294,41.0808906555176,52.119998931884794,52.8400001525879,3269900,2011-12-21
14238665,D,52.959999084472706,52.720001220703104,41.026424407959,52.560001373290994,52.959999084472706,1867200,2011-12-22
14238673,D,52.939998626709006,52.9500007629395,41.205406188964794,52.8400001525879,53.189998626709006,1604900,2011-12-23
14238689,D,52.8499984741211,53.4300003051758,41.5789375305176,52.8499984741211,53.5,1108900,2011-12-27
14238698,D,53.380001068115206,53.08000183105471,41.306571960449205,53.029998779296896,53.5499992370605,1439000,2011-12-28
14238713,D,53.0099983215332,53.529998779296896,41.6567535400391,53.0099983215332,53.5900001525879,1335100,2011-12-29
14238739,D,53.5,53.08000183105471,41.306571960449205,53.060001373290994,53.58000183105471,1254500,2011-12-30
14238754,D,53.470001220703104,52.5,40.8552131652832,52.2599983215332,53.6800003051758,2668500,2012-01-03
14238762,D,52.5,52.0699996948242,40.520591735839794,51.9300003051758,52.619998931884794,2023800,2012-01-04
14238777,D,51.9300003051758,51.959999084472706,40.434989929199205,51.3199996948242,52.130001068115206,2842600,2012-01-05
14238785,D,51.9900016784668,51.4300003051758,40.0225410461426,51.310001373290994,52.0499992370605,5577700,2012-01-06
14238799,D,51.4099998474121,51.3600006103516,39.9680633544922,51.060001373290994,51.5699996948242,2374400,2012-01-09
14238813,D,51.540000915527294,51.290000915527294,39.913600921630895,51.279998779296896,51.6500015258789,2143400,2012-01-10
14238828,D,51.189998626709006,51.16999816894529,39.8202247619629,51.029998779296896,51.4000015258789,1819500,2012-01-11
14238838,D,51.2999992370605,50.9300003051758,39.633453369140604,50.9000015258789,51.4000015258789,2048500,2012-01-12
14238854,D,50.4500007629395,50.5999984741211,39.3766441345215,50.16999816894529,50.6599998474121,3012800,2012-01-13
14238864,D,50.7700004577637,50.7999992370605,39.532279968261705,50.5499992370605,51.2000007629395,2588200,2012-01-17
14238879,D,50.7999992370605,50.4300003051758,39.2443504333496,50.08000183105471,50.8499984741211,2355100,2012-01-18
14238887,D,50.4900016784668,50.2999992370605,39.1431884765625,50.0900001525879,50.6100006103516,1990400,2012-01-19
14238899,D,50.3400001525879,50.5699996948242,39.3532943725586,50.029998779296896,50.5699996948242,2244500,2012-01-20
14238907,D,50.58000183105471,50.4799995422363,39.2832527160645,50.220001220703104,51.0,3427000,2012-01-23
14238921,D,50.33000183105471,50.310001373290994,39.1509780883789,49.91999816894529,50.9000015258789,1763100,2012-01-24
14238929,D,50.1500015258789,51.1100006103516,39.7735252380371,49.689998626709006,51.2299995422363,2768300,2012-01-25
14238943,D,51.060001373290994,50.8499984741211,39.5712013244629,50.5099983215332,51.1800003051758,2986500,2012-01-26
14238951,D,50.6399993896484,49.560001373290994,38.5673217773438,49.439998626709006,50.9900016784668,6158000,2012-01-27
14238965,D,49.6399993896484,49.3400001525879,38.3961143493652,48.869998931884794,49.6399993896484,4842300,2012-01-30
14238973,D,49.4799995422363,50.040000915527294,38.9408531188965,49.279998779296896,50.0900001525879,4530300,2012-01-31
14238987,D,50.1100006103516,50.41999816894529,39.2365684509277,50.1100006103516,50.619998931884794,3834200,2012-02-01
14238995,D,50.470001220703104,50.5099983215332,39.306602478027294,50.3499984741211,50.83000183105471,2566700,2012-02-02
14239012,D,50.869998931884794,50.380001068115206,39.2054481506348,50.130001068115206,50.970001220703104,2781800,2012-02-03
14239020,D,50.220001220703104,50.2700004577637,39.119842529296896,50.1100006103516,50.4799995422363,1386400,2012-02-06
14239034,D,50.1500015258789,50.41999816894529,39.2365684509277,49.8400001525879,50.6100006103516,2188000,2012-02-07
14239062,D,50.5,50.2000007629395,39.0653648376465,49.970001220703104,50.6399993896484,1933800,2012-02-08
14239075,D,50.1599998474121,49.8600006103516,38.8007850646973,49.83000183105471,50.1599998474121,2808800,2012-02-09
14239082,D,49.7700004577637,49.9099998474121,38.8396987915039,49.560001373290994,49.9099998474121,1432700,2012-02-10
14239096,D,49.9900016784668,49.9300003051758,38.855251312255895,49.7999992370605,50.1599998474121,1854700,2012-02-13
14239104,D,49.9099998474121,50.2299995422363,39.0887107849121,49.7599983215332,50.3600006103516,2266600,2012-02-14
14239118,D,50.2599983215332,50.08000183105471,38.9719848632812,49.9099998474121,50.2700004577637,2037500,2012-02-15
14239128,D,50.1500015258789,50.41999816894529,39.2365684509277,50.130001068115206,50.5200004577637,1841000,2012-02-16
14239142,D,50.630001068115206,50.5699996948242,39.3532943725586,50.279998779296896,50.66999816894529,2198500,2012-02-17
14239143,D,50.709999084472706,50.1399993896484,39.0186729431152,50.130001068115206,50.709999084472706,3037500,2012-02-21
14239144,D,50.0699996948242,50.470001220703104,39.275485992431605,50.0699996948242,50.58000183105471,1821700,2012-02-22
14239145,D,50.4500007629395,50.939998626709006,39.641227722168004,50.439998626709006,50.970001220703104,8797300,2012-02-23
14239146,D,51.0,51.3199996948242,39.9369468688965,50.8400001525879,51.5,8602700,2012-02-24
14239154,D,51.1399993896484,51.4099998474121,40.0069808959961,50.9500007629395,51.5099983215332,11687600,2012-02-27
14239169,D,51.5099983215332,51.25,39.882472991943395,51.0699996948242,51.6500015258789,2443500,2012-02-28
14239177,D,50.790000915527294,50.470001220703104,39.6839370727539,50.33000183105471,50.939998626709006,2497800,2012-02-29
14239190,D,50.439998626709006,50.4099998474121,39.6367607116699,50.16999816894529,50.880001068115206,2473400,2012-03-01
14239197,D,50.380001068115206,50.5200004577637,39.7232513427734,50.130001068115206,50.6500015258789,1782500,2012-03-02
14239211,D,50.380001068115206,50.8199996948242,39.959133148193395,50.209999084472706,50.91999816894529,1513900,2012-03-05
14239219,D,50.5699996948242,50.5200004577637,39.7232513427734,50.2299995422363,50.6500015258789,1674100,2012-03-06
14239232,D,50.4300003051758,50.4900016784668,39.6996612548828,50.130001068115206,50.5699996948242,1616200,2012-03-07
14239240,D,50.5699996948242,50.5999984741211,39.7861480712891,50.310001373290994,50.709999084472706,1367200,2012-03-08
14239255,D,50.7599983215332,50.7599983215332,39.911956787109396,50.380001068115206,50.7999992370605,1728400,2012-03-09
14239262,D,50.8600006103516,51.33000183105471,40.360137939453104,50.790000915527294,51.4000015258789,2355000,2012-03-12
14239309,D,51.380001068115206,51.3600006103516,40.383716583252,51.0,51.470001220703104,1900200,2012-03-13
14239317,D,51.310001373290994,50.5499992370605,39.7468414306641,50.459999084472706,51.4500007629395,2584500,2012-03-14
14239332,D,50.5099983215332,50.4799995422363,39.6917877197266,50.33000183105471,50.8499984741211,2206900,2012-03-15
14239340,D,50.439998626709006,50.3199996948242,39.565986633300795,50.2400016784668,50.6599998474121,2834300,2012-03-16
14239353,D,50.25,50.2599983215332,39.5188140869141,50.16999816894529,50.7299995422363,1644700,2012-03-19
14239361,D,50.25,50.6399993896484,39.81760787963871,50.2299995422363,50.8400001525879,2340200,2012-03-20
14239374,D,50.6399993896484,50.459999084472706,39.676078796386705,50.380001068115206,50.7700004577637,1462600,2012-03-21
14239382,D,50.209999084472706,50.41999816894529,39.644615173339794,50.2000007629395,50.6500015258789,2416300,2012-03-22
14239399,D,50.4799995422363,50.279998779296896,39.534538269043004,50.2400016784668,50.709999084472706,1914100,2012-03-23
14239407,D,50.529998779296896,50.709999084472706,39.872653961181605,50.439998626709006,50.939998626709006,1697100,2012-03-26
14239429,D,50.709999084472706,51.0099983215332,40.108528137206996,50.7000007629395,51.189998626709006,1869300,2012-03-27
14239437,D,50.880001068115206,50.689998626709006,39.85691452026371,50.4500007629395,51.16999816894529,1779100,2012-03-28
14239455,D,50.5200004577637,50.779998779296896,39.9276733398438,50.1800003051758,50.8199996948242,1495400,2012-03-29
14239463,D,50.8600006103516,51.209999084472706,40.2657890319824,50.810001373290994,51.2400016784668,2285400,2012-03-30
14239479,D,51.16999816894529,51.5,40.4938087463379,51.0099983215332,51.75,2015200,2012-04-02
14239490,D,51.3899993896484,51.540000915527294,40.525260925293004,51.209999084472706,51.5999984741211,2416400,2012-04-03
14239548,D,51.2700004577637,51.5900001525879,40.5645751953125,51.25,51.869998931884794,2122500,2012-04-04
14239557,D,51.470001220703104,51.380001068115206,40.3994560241699,51.2700004577637,51.5099983215332,2166500,2012-04-05
14239570,D,51.029998779296896,50.9000015258789,40.0220375061035,50.8899993896484,51.2999992370605,2213000,2012-04-09
14239578,D,50.8600006103516,50.2000007629395,39.4716300964355,50.0999984741211,50.8600006103516,2680100,2012-04-10
14239592,D,50.529998779296896,50.16999816894529,39.4480476379395,50.119998931884794,50.630001068115206,2480200,2012-04-11
14239599,D,50.1599998474121,50.2999992370605,39.5502700805664,49.869998931884794,50.2999992370605,2517200,2012-04-12
14239612,D,50.3199996948242,50.279998779296896,39.534538269043004,50.2299995422363,50.779998779296896,4782500,2012-04-13
14239619,D,50.439998626709006,50.7400016784668,39.8962364196777,50.380001068115206,50.8400001525879,2527400,2012-04-16
14239634,D,51.0200004577637,50.9900016784668,40.0928077697754,50.630001068115206,51.220001220703104,2152500,2012-04-17
14239658,D,50.779998779296896,50.619998931884794,39.801872253418004,50.6100006103516,50.91999816894529,1954300,2012-04-18
14239673,D,50.619998931884794,50.540000915527294,39.7389678955078,50.3499984741211,50.7299995422363,2178000,2012-04-19
14239719,D,50.540000915527294,51.0200004577637,40.1163902282715,50.5099983215332,51.119998931884794,2740000,2012-04-20
14239720,D,50.939998626709006,50.8499984741211,39.982734680175795,50.5999984741211,51.0200004577637,1540900,2012-04-23
14239735,D,50.810001373290994,50.810001373290994,39.9512710571289,50.630001068115206,50.970001220703104,3460400,2012-04-24
14239750,D,51.029998779296896,51.2400016784668,40.2893714904785,50.7700004577637,51.380001068115206,3148200,2012-04-25
14239767,D,51.970001220703104,51.8899993896484,40.8004608154297,51.1500015258789,52.209999084472706,3622800,2012-04-26
14239779,D,52.0099983215332,52.0699996948242,40.94199752807621,51.779998779296896,52.209999084472706,3623800,2012-04-27
14239838,D,51.9900016784668,52.189998626709006,41.0363540649414,51.8400001525879,52.2400016784668,2384900,2012-04-30
14239846,D,52.25,52.439998626709006,41.23291015625,51.91999816894529,52.5999984741211,1727700,2012-05-01
14239859,D,52.2999992370605,52.1100006103516,40.9734382629395,51.8899993896484,52.4000015258789,1620000,2012-05-02
14239867,D,51.9900016784668,51.91999816894529,40.8240547180176,51.880001068115206,52.3499984741211,1487800,2012-05-03
14239880,D,51.880001068115206,51.9900016784668,40.879093170166,51.8400001525879,52.3199996948242,1585700,2012-05-04
14239888,D,51.9500007629395,51.869998931884794,40.784736633300795,51.7000007629395,52.0999984741211,1281500,2012-05-07
14239901,D,51.6500015258789,51.959999084472706,40.8555030822754,51.619998931884794,52.0099983215332,1378700,2012-05-08
14239910,D,51.619998931884794,51.66999816894529,40.627471923828104,51.5699996948242,52.0499992370605,1639400,2012-05-09
14239926,D,51.9300003051758,52.1100006103516,40.9734382629395,51.8199996948242,52.290000915527294,1123400,2012-05-10
14239934,D,51.959999084472706,52.220001220703104,41.0599365234375,51.779998779296896,52.380001068115206,1545900,2012-05-11
14239981,D,51.9000015258789,52.2700004577637,41.0992546081543,51.8400001525879,52.380001068115206,1810300,2012-05-14
14239989,D,52.6500015258789,52.2999992370605,41.1228446960449,52.16999816894529,52.709999084472706,1918600,2012-05-15
14240005,D,52.41999816894529,52.5099983215332,41.2879486083984,52.220001220703104,52.58000183105471,1873400,2012-05-16
14240013,D,52.470001220703104,51.8899993896484,40.8004608154297,51.880001068115206,52.5900001525879,1792600,2012-05-17
14240027,D,51.970001220703104,52.290000915527294,41.1149864196777,51.9500007629395,52.5200004577637,2827300,2012-05-18
14240035,D,52.3499984741211,52.2299995422363,41.0677909851074,51.9500007629395,52.4000015258789,2103900,2012-05-21
14240059,D,52.2700004577637,52.470001220703104,41.256507873535206,52.2400016784668,52.7000007629395,1720900,2012-05-22
14240075,D,52.369998931884794,52.209999084472706,41.0520820617676,51.7299995422363,52.619998931884794,2352400,2012-05-23
14240110,D,52.25,52.5,41.280097961425795,52.0999984741211,52.6500015258789,7291900,2012-05-24
14240118,D,52.5200004577637,52.5499992370605,41.3194007873535,52.41999816894529,52.7400016784668,7568400,2012-05-25
14240132,D,52.7299995422363,52.5,41.280097961425795,52.2700004577637,52.7299995422363,7039700,2012-05-29
14240140,D,52.040000915527294,51.8600006103516,41.1907348632812,51.75,52.529998779296896,2340200,2012-05-30
14240154,D,51.75,52.060001373290994,41.3495941162109,51.6500015258789,52.3600006103516,1945400,2012-05-31
14240162,D,51.7000007629395,51.630001068115206,41.0080680847168,51.58000183105471,52.0099983215332,2303000,2012-06-01
14240163,D,51.66999816894529,51.529998779296896,40.928638458252,51.41999816894529,51.7999992370605,1843500,2012-06-04
14240177,D,51.41999816894529,51.470001220703104,40.8809814453125,51.279998779296896,51.5999984741211,2582600,2012-06-05
14240185,D,51.7299995422363,52.25,41.50050735473629,51.529998779296896,52.25,2473000,2012-06-06
14240199,D,52.470001220703104,52.7400016784668,41.889701843261705,52.41999816894529,52.869998931884794,2942100,2012-06-07
14240207,D,52.7400016784668,53.2299995422363,42.2788887023926,52.7400016784668,53.2999992370605,2563000,2012-06-08
14240221,D,53.4099998474121,52.810001373290994,41.9452972412109,52.7400016784668,53.58000183105471,2033200,2012-06-11
14240229,D,52.7999992370605,52.83000183105471,41.961181640625,52.33000183105471,52.8899993896484,2644000,2012-06-12
14240243,D,52.7999992370605,53.0499992370605,42.1359252929688,52.470001220703104,53.2000007629395,1616400,2012-06-13
14240251,D,53.130001068115206,53.720001220703104,42.668083190918004,53.0900001525879,53.810001373290994,2813700,2012-06-14
14240265,D,53.939998626709006,53.779998779296896,42.7157325744629,53.6599998474121,54.0999984741211,2886200,2012-06-15
14240273,D,53.7000007629395,54.290000915527294,43.1208076477051,53.689998626709006,54.2999992370605,2134000,2012-06-18
14240287,D,54.4000015258789,54.380001068115206,43.192298889160206,54.0699996948242,54.5900001525879,2469600,2012-06-19
14240295,D,54.540000915527294,54.16999816894529,43.025505065918,53.970001220703104,54.689998626709006,2951700,2012-06-20
14240309,D,54.3400001525879,53.6800003051758,42.6363105773926,53.6399993896484,54.630001068115206,1899600,2012-06-21
14240317,D,53.7299995422363,53.6100006103516,42.58070755004879,53.4300003051758,53.8499984741211,2577300,2012-06-22
14240331,D,53.5499992370605,53.3400001525879,42.3662605285645,53.2700004577637,53.619998931884794,1779700,2012-06-25
14240339,D,53.3499984741211,53.369998931884794,42.3900756835938,53.0999984741211,53.6599998474121,1768900,2012-06-26
14240340,D,53.459999084472706,53.91999816894529,42.826930999755895,53.459999084472706,54.0,1162600,2012-06-27
14240354,D,53.689998626709006,53.7700004577637,42.707794189453104,53.25,53.83000183105471,1651200,2012-06-28
14240364,D,54.3400001525879,54.0,42.890476226806605,53.5900001525879,54.439998626709006,2330100,2012-06-29
14240365,D,54.0,54.3899993896484,43.200233459472706,53.9300003051758,54.459999084472706,1557300,2012-07-02
14240366,D,54.2999992370605,54.2299995422363,43.0731544494629,53.9900016784668,54.4799995422363,889900,2012-07-03
14240367,D,54.060001373290994,53.779998779296896,42.7157325744629,53.720001220703104,54.130001068115206,1460900,2012-07-05
14240368,D,53.459999084472706,53.83000183105471,42.755443572998,53.369998931884794,53.939998626709006,1205500,2012-07-06
14240369,D,53.8400001525879,53.7700004577637,42.707794189453104,53.470001220703104,53.8899993896484,1179700,2012-07-09
14240383,D,53.8199996948242,53.7000007629395,42.6521987915039,53.5499992370605,54.0699996948242,1450600,2012-07-10
14240394,D,53.7999992370605,54.040000915527294,42.922248840331996,53.6399993896484,54.119998931884794,1143400,2012-07-11
14240395,D,53.6500015258789,53.7000007629395,42.6521987915039,53.5699996948242,53.939998626709006,1510300,2012-07-12
14240409,D,53.6800003051758,54.189998626709006,43.0413818359375,53.6800003051758,54.220001220703104,1876000,2012-07-13
14240423,D,54.0200004577637,54.189998626709006,43.0413818359375,54.0099983215332,54.3400001525879,1062400,2012-07-16
14240440,D,54.209999084472706,54.2299995422363,43.0731544494629,53.959999084472706,54.470001220703104,1147000,2012-07-17
14240451,D,54.119998931884794,54.369998931884794,43.1843490600586,54.08000183105471,54.470001220703104,947700,2012-07-18
14240465,D,54.4300003051758,54.189998626709006,43.0413818359375,53.8499984741211,54.4300003051758,1565600,2012-07-19
14240473,D,54.1100006103516,53.959999084472706,42.858699798584,53.720001220703104,54.1100006103516,2039700,2012-07-20
14240487,D,53.9000015258789,53.5,42.4933433532715,53.2400016784668,54.1100006103516,1416400,2012-07-23
14240495,D,53.4500007629395,53.0099983215332,42.104152679443395,52.5999984741211,53.529998779296896,1702300,2012-07-24
14240496,D,53.189998626709006,53.290000915527294,42.326545715331996,52.790000915527294,53.4000015258789,1792400,2012-07-25
14240497,D,53.58000183105471,54.130001068115206,42.9937324523926,53.4799995422363,54.2400016784668,1773800,2012-07-26
14240509,D,54.2999992370605,54.970001220703104,43.6609115600586,53.9500007629395,55.16999816894529,1950400,2012-07-27
14240517,D,54.810001373290994,54.91999816894529,43.6211967468262,54.439998626709006,55.1399993896484,1599300,2012-07-30
14240531,D,54.959999084472706,54.310001373290994,43.1366996765137,54.2700004577637,55.0999984741211,2384100,2012-07-31
14240539,D,54.3499984741211,54.0099983215332,42.898429870605504,53.880001068115206,55.619998931884794,2175900,2012-08-01
14240554,D,53.83000183105471,53.810001373290994,42.739574432373,53.2700004577637,54.1800003051758,1874700,2012-08-02
14240565,D,54.369998931884794,54.4099998474121,43.216136932373,53.790000915527294,54.470001220703104,1579500,2012-08-03
14240580,D,54.5699996948242,54.33000183105471,43.1525802612305,54.040000915527294,54.9500007629395,1363500,2012-08-06
14240588,D,54.6800003051758,53.9799995422363,42.874595642089794,53.9799995422363,54.720001220703104,2377500,2012-08-07
14240600,D,53.970001220703104,53.66999816894529,42.628360748291,53.5,54.040000915527294,1514100,2012-08-08
14240609,D,53.5200004577637,53.630001068115206,42.596595764160206,53.4500007629395,53.720001220703104,1380400,2012-08-09
14240621,D,53.5900001525879,53.720001220703104,42.668083190918004,53.3499984741211,53.83000183105471,1381000,2012-08-10
14240653,D,53.6500015258789,53.4500007629395,42.4536285400391,53.2999992370605,53.8600006103516,1251500,2012-08-13
14240654,D,53.5499992370605,53.5,42.4933433532715,53.3899993896484,53.75,1546000,2012-08-14
14240655,D,53.529998779296896,53.810001373290994,42.739574432373,53.3600006103516,53.9900016784668,1413400,2012-08-15
14240656,D,53.790000915527294,53.9500007629395,42.850757598877,53.560001373290994,54.16999816894529,5901700,2012-08-16
14240657,D,53.91999816894529,53.91999816894529,42.826930999755895,53.709999084472706,53.970001220703104,1628900,2012-08-17
14240670,D,53.7400016784668,54.119998931884794,42.985782623290994,53.630001068115206,54.1399993896484,1339500,2012-08-20
14240678,D,54.060001373290994,53.7999992370605,42.731620788574205,53.790000915527294,54.310001373290994,1565000,2012-08-21
14240690,D,53.6100006103516,53.6100006103516,42.58070755004879,53.4500007629395,53.7999992370605,1647400,2012-08-22
14240698,D,53.5499992370605,53.1399993896484,42.207405090331996,52.9500007629395,53.58000183105471,1432500,2012-08-23
14240710,D,53.0099983215332,53.4900016784668,42.4854011535645,53.0,53.560001373290994,1261500,2012-08-24
14240717,D,53.7000007629395,54.0499992370605,42.93019485473629,53.5,54.2000007629395,2514900,2012-08-27
14240729,D,53.959999084472706,53.9500007629395,42.850757598877,53.8400001525879,54.1100006103516,2020500,2012-08-28
14240737,D,53.3400001525879,52.970001220703104,42.487800598144496,52.9099998474121,53.41999816894529,1610800,2012-08-29
14240749,D,52.83000183105471,52.5200004577637,42.126861572265604,52.5,52.9000015258789,1267000,2012-08-30
14240776,D,52.709999084472706,52.4799995422363,42.094764709472706,52.290000915527294,52.869998931884794,1585900,2012-08-31
14240788,D,52.3499984741211,52.5099983215332,42.118827819824205,52.1500015258789,52.66999816894529,1872400,2012-09-04
14240797,D,52.619998931884794,52.5,42.110809326171896,52.4000015258789,52.810001373290994,1524000,2012-09-05
14240809,D,52.66999816894529,53.7700004577637,43.1294937133789,52.58000183105471,53.7999992370605,2460800,2012-09-06
14240819,D,53.720001220703104,53.1599998474121,42.6401977539062,53.119998931884794,53.8499984741211,2011800,2012-09-07
14240831,D,53.41999816894529,53.279998779296896,42.7364616394043,53.2000007629395,53.5,1242700,2012-09-10
14240841,D,53.279998779296896,52.939998626709006,42.4637451171875,52.939998626709006,53.3899993896484,1253700,2012-09-11
14240853,D,53.0699996948242,52.7599983215332,42.31935501098629,52.6800003051758,53.119998931884794,1409300,2012-09-12
14240863,D,52.709999084472706,53.5900001525879,42.9851226806641,52.709999084472706,53.5999984741211,1852400,2012-09-13
14240875,D,53.560001373290994,52.8199996948242,42.367488861084,52.689998626709006,53.630001068115206,2169700,2012-09-14
14240885,D,52.8499984741211,52.6100006103516,42.199047088623,52.439998626709006,53.029998779296896,1566700,2012-09-17
14240897,D,52.58000183105471,52.25,41.9102821350098,52.16999816894529,52.689998626709006,1532900,2012-09-18
14240907,D,52.4500007629395,52.3600006103516,41.9985198974609,52.2000007629395,52.7700004577637,1453700,2012-09-19
14240919,D,52.540000915527294,52.720001220703104,42.287284851074205,52.209999084472706,52.8499984741211,1715600,2012-09-20
14240929,D,52.8400001525879,52.7000007629395,42.2712440490723,52.529998779296896,52.9799995422363,2667600,2012-09-21
14240941,D,52.6800003051758,53.1100006103516,42.6001014709473,52.6100006103516,53.2000007629395,1300400,2012-09-24
14240951,D,53.2700004577637,52.6500015258789,42.2311363220215,52.6500015258789,53.459999084472706,2156800,2012-09-25
14240963,D,52.810001373290994,52.8899993896484,42.4236335754395,52.790000915527294,53.540000915527294,2075900,2012-09-26
14241049,D,53.0699996948242,52.810001373290994,42.3594741821289,52.6800003051758,53.119998931884794,2061300,2012-09-27
14241061,D,52.779998779296896,52.939998626709006,42.4637451171875,52.5699996948242,53.1399993896484,2392300,2012-09-28
14241072,D,53.130001068115206,52.810001373290994,42.3594741821289,52.7400016784668,53.3899993896484,1548000,2012-10-01
14241084,D,52.9099998474121,53.2299995422363,42.696357727050795,52.790000915527294,53.25,1439700,2012-10-02
14241094,D,53.4000015258789,53.33000183105471,42.7765693664551,53.3199996948242,53.6500015258789,1627400,2012-10-03
14241106,D,53.560001373290994,53.380001068115206,42.816688537597706,53.369998931884794,53.8899993896484,1912000,2012-10-04
14241116,D,53.5900001525879,53.2599983215332,42.7204132080078,53.220001220703104,53.790000915527294,2764200,2012-10-05
14241128,D,53.2299995422363,53.029998779296896,42.5359306335449,52.709999084472706,53.4900016784668,2309500,2012-10-08
14241139,D,53.0099983215332,52.8199996948242,42.367488861084,52.6800003051758,53.189998626709006,1997200,2012-10-09
14241151,D,53.060001373290994,53.220001220703104,42.6883316040039,52.939998626709006,53.380001068115206,2261100,2012-10-10
14241351,D,53.4300003051758,53.029998779296896,42.5359306335449,52.9099998474121,53.4500007629395,1328000,2012-10-11
14241436,D,53.1599998474121,52.6800003051758,42.255195617675795,52.5999984741211,53.25,1558100,2012-10-12
14241446,D,52.6599998474121,52.7599983215332,42.31935501098629,52.4099998474121,52.83000183105471,1346300,2012-10-15
14241467,D,52.959999084472706,52.6599998474121,42.2391510009766,52.439998626709006,52.9799995422363,1504700,2012-10-16
14241477,D,52.7999992370605,53.3499984741211,42.7926139831543,52.720001220703104,53.380001068115206,1432600,2012-10-17
14241520,D,53.3199996948242,53.58000183105471,42.97709655761721,53.119998931884794,53.6399993896484,1630300,2012-10-18
14241530,D,53.529998779296896,53.5099983215332,42.9209442138672,53.3400001525879,53.7000007629395,2206600,2012-10-19
14241543,D,53.4099998474121,52.959999084472706,42.4797859191895,52.6500015258789,53.5699996948242,1688000,2012-10-22
14241552,D,52.5999984741211,52.689998626709006,42.2632179260254,52.439998626709006,52.959999084472706,1909500,2012-10-23
14241564,D,52.66999816894529,52.4500007629395,42.0707015991211,52.2999992370605,52.7999992370605,1700200,2012-10-24
14241574,D,52.3600006103516,51.9500007629395,41.66965866088871,51.0200004577637,52.3600006103516,4925200,2012-10-25
14241587,D,51.9000015258789,52.0699996948242,41.7659111022949,51.5,52.16999816894529,2752100,2012-10-26
14241597,D,52.33000183105471,52.779998779296896,42.3354148864746,52.0,52.8499984741211,2744600,2012-10-31
14241609,D,52.880001068115206,52.0200004577637,41.7258071899414,51.9500007629395,52.9099998474121,3493800,2012-11-01
14241619,D,52.3400001525879,51.7000007629395,41.4691200256348,51.5999984741211,52.3400001525879,2311700,2012-11-02
14241632,D,51.459999084472706,50.9300003051758,40.851505279541,50.6599998474121,51.529998779296896,1990100,2012-11-05
14241662,D,50.9300003051758,50.970001220703104,40.883583068847706,50.75,51.220001220703104,1626400,2012-11-06
14241674,D,50.6800003051758,49.8600006103516,39.993247985839794,49.529998779296896,50.75,2457800,2012-11-07
14241751,D,49.7999992370605,49.4300003051758,39.6483268737793,49.4300003051758,50.5,2502200,2012-11-08
14241763,D,49.2299995422363,49.33000183105471,39.5681266784668,49.029998779296896,49.560001373290994,2232400,2012-11-09
14241807,D,49.2999992370605,49.189998626709006,39.4558219909668,48.970001220703104,49.3899993896484,2088500,2012-11-12
14241820,D,49.0499992370605,50.209999084472706,40.2739906311035,48.939998626709006,50.3600006103516,4078000,2012-11-13
14241830,D,50.220001220703104,49.8899993896484,40.017307281494105,49.7999992370605,50.4300003051758,2832900,2012-11-14
14241842,D,49.8600006103516,49.6800003051758,39.8488616943359,49.290000915527294,50.16999816894529,2417900,2012-11-15
14241852,D,49.7400016784668,50.1500015258789,40.22584915161129,49.5,50.2400016784668,2409800,2012-11-16
14241864,D,50.459999084472706,50.279998779296896,40.3301200866699,49.91999816894529,50.459999084472706,2497300,2012-11-19
14241874,D,50.279998779296896,50.3400001525879,40.3782501220703,49.75,50.3600006103516,2031700,2012-11-20
14241886,D,50.3499984741211,50.1599998474121,40.233879089355504,49.6399993896484,50.4900016784668,2003800,2012-11-21
14241896,D,50.220001220703104,50.119998931884794,40.2017822265625,49.7999992370605,50.290000915527294,1053900,2012-11-23
14241908,D,50.0200004577637,50.6500015258789,40.6269111633301,49.9500007629395,50.8899993896484,1798300,2012-11-26
14241918,D,50.5900001525879,50.540000915527294,40.538669586181605,50.5,51.0,2800500,2012-11-27
14241930,D,50.060001373290994,50.4300003051758,40.87709426879879,49.8499984741211,50.459999084472706,2865900,2012-11-28
14241973,D,50.540000915527294,50.66999816894529,41.071628570556605,50.369998931884794,50.8499984741211,2296900,2012-11-29
14241985,D,50.7400016784668,51.1100006103516,41.428279876709,50.58000183105471,51.1100006103516,2853500,2012-11-30
14241986,D,51.1599998474121,50.75,41.136474609375,50.540000915527294,51.1599998474121,2372600,2012-12-03
14241995,D,50.75,50.4000015258789,40.8527603149414,50.3600006103516,50.810001373290994,1729500,2012-12-04
14242007,D,50.4799995422363,51.7299995422363,41.9308319091797,50.4300003051758,51.880001068115206,3365300,2012-12-05
14242017,D,51.7999992370605,51.540000915527294,41.776824951171896,51.3499984741211,52.0499992370605,2036100,2012-12-06
14242029,D,51.810001373290994,51.689998626709006,41.898406982421896,51.4500007629395,51.9799995422363,1713800,2012-12-07
14242039,D,51.630001068115206,51.5900001525879,41.817356109619105,51.5099983215332,51.7999992370605,1338700,2012-12-10
14242051,D,51.630001068115206,51.5999984741211,41.825466156005895,51.439998626709006,51.869998931884794,1616500,2012-12-11
14242061,D,51.7400016784668,51.560001373290994,41.793037414550795,51.439998626709006,51.8499984741211,1969300,2012-12-12
14242073,D,51.4900016784668,51.3400001525879,41.6147117614746,51.1599998474121,51.619998931884794,1196500,2012-12-13
14242083,D,51.2999992370605,51.189998626709006,41.4931221008301,50.959999084472706,51.369998931884794,1609400,2012-12-14
14242095,D,51.33000183105471,51.959999084472706,42.1172637939453,51.2599983215332,52.040000915527294,1931900,2012-12-17
14242120,D,51.880001068115206,52.2299995422363,42.3361167907715,51.7599983215332,52.2999992370605,2197400,2012-12-18
14242133,D,52.16999816894529,51.7999992370605,41.98756790161129,51.75,52.220001220703104,2017000,2012-12-19
14242293,D,52.189998626709006,52.2000007629395,42.3118019104004,51.91999816894529,52.4000015258789,2170700,2012-12-20
14242306,D,52.0200004577637,51.939998626709006,42.101047515869105,51.7700004577637,52.2999992370605,4139800,2012-12-21
14242327,D,51.8499984741211,51.939998626709006,42.101047515869105,51.5,52.029998779296896,953900,2012-12-24
14242376,D,52.0,51.709999084472706,41.914619445800795,51.6399993896484,52.0699996948242,1828800,2012-12-26
14242386,D,51.6599998474121,51.619998931884794,41.841667175293004,51.209999084472706,51.8400001525879,2493400,2012-12-27
14242435,D,51.3899993896484,51.08000183105471,41.403968811035206,51.060001373290994,51.7400016784668,1696300,2012-12-28
14242445,D,50.9300003051758,51.7999992370605,41.98756790161129,50.75,51.869998931884794,2152700,2012-12-31
14242457,D,52.3600006103516,52.91999816894529,42.895416259765604,52.3600006103516,52.959999084472706,2330900,2013-01-02
14242466,D,52.8600006103516,52.9799995422363,42.9440460205078,52.630001068115206,53.16999816894529,1540700,2013-01-03
14242478,D,53.0,53.540000915527294,43.3979682922363,52.970001220703104,53.9799995422363,2881100,2013-01-04
14242488,D,53.189998626709006,52.6599998474121,42.684665679931605,52.5499992370605,53.220001220703104,2076600,2013-01-07
14242500,D,52.5,52.369998931884794,42.4495964050293,52.189998626709006,52.8400001525879,1911500,2013-01-08
14242510,D,52.3499984741211,52.2000007629395,42.3118019104004,51.91999816894529,52.3899993896484,1643900,2013-01-09
14242523,D,52.3199996948242,52.220001220703104,42.3280143737793,52.0499992370605,52.380001068115206,2484000,2013-01-10
14242533,D,52.209999084472706,52.4300003051758,42.4982299804688,52.1599998474121,52.4300003051758,2290900,2013-01-11
14242545,D,52.4500007629395,52.3899993896484,42.4658050537109,52.25,52.540000915527294,1237300,2013-01-14
14242555,D,52.310001373290994,52.529998779296896,42.5792808532715,52.130001068115206,52.540000915527294,1840000,2013-01-15
14242567,D,52.540000915527294,52.4000015258789,42.473915100097706,52.2599983215332,52.6500015258789,2380200,2013-01-16
14242577,D,52.5499992370605,52.4099998474121,42.482017517089794,52.33000183105471,52.709999084472706,1538800,2013-01-17
14242589,D,52.470001220703104,52.91999816894529,42.895416259765604,52.3499984741211,52.91999816894529,2425700,2013-01-18
14242599,D,52.8499984741211,53.290000915527294,43.1953201293945,52.6500015258789,53.380001068115206,1481500,2013-01-22
14242611,D,53.119998931884794,53.3600006103516,43.2520637512207,52.9000015258789,53.4799995422363,2047600,2013-01-23
14242622,D,53.4799995422363,53.790000915527294,43.6005973815918,53.41999816894529,53.8899993896484,1418200,2013-01-24
14242635,D,53.8600006103516,53.880001068115206,43.6735610961914,53.4000015258789,54.0900001525879,1674500,2013-01-25
14242645,D,53.939998626709006,53.75,43.568180084228494,53.5699996948242,53.9900016784668,1332300,2013-01-28
14242659,D,53.75,54.3600006103516,44.0626373291016,53.75,54.3600006103516,2273500,2013-01-29
14242669,D,54.2999992370605,54.5200004577637,44.192325592040994,54.060001373290994,54.540000915527294,2083500,2013-01-30
14242681,D,54.4000015258789,54.1100006103516,43.8600006103516,53.869998931884794,54.5,3246600,2013-01-31
14242691,D,54.3199996948242,54.16999816894529,43.908618927002,54.040000915527294,54.4300003051758,1791400,2013-02-01
14242703,D,54.0099983215332,54.0699996948242,43.8275680541992,53.970001220703104,54.1500015258789,1770300,2013-02-04
14242713,D,54.310001373290994,54.310001373290994,44.022102355957,54.2400016784668,54.709999084472706,1561200,2013-02-05
14242725,D,54.1100006103516,54.3499984741211,44.0545234680176,53.9000015258789,54.4099998474121,1536300,2013-02-06
14242735,D,54.41999816894529,54.310001373290994,44.022102355957,54.08000183105471,54.630001068115206,1484900,2013-02-07
14242747,D,54.16999816894529,54.310001373290994,44.022102355957,54.0,54.3600006103516,1265700,2013-02-08
14242757,D,54.25,54.33000183105471,44.0383110046387,54.209999084472706,54.4099998474121,951100,2013-02-11
14242770,D,54.2400016784668,54.630001068115206,44.2814826965332,54.1599998474121,54.630001068115206,1564900,2013-02-12
14242781,D,54.619998931884794,54.689998626709006,44.33012390136721,54.560001373290994,54.7999992370605,1481500,2013-02-13
14242793,D,54.5699996948242,54.470001220703104,44.151798248290994,54.1599998474121,54.709999084472706,2418700,2013-02-14
14242803,D,54.6500015258789,54.91999816894529,44.5165405273438,54.630001068115206,55.0,3188200,2013-02-15
14242815,D,55.0200004577637,55.5900001525879,45.0596389770508,54.9799995422363,55.66999816894529,2812700,2013-02-19
14242826,D,55.5699996948242,55.8899993896484,45.3028030395508,55.540000915527294,56.380001068115206,2417000,2013-02-20
14242838,D,55.810001373290994,55.7000007629395,45.148796081543,55.619998931884794,55.91999816894529,1973500,2013-02-21
14242858,D,55.790000915527294,56.380001068115206,45.699981689453104,55.7000007629395,56.3899993896484,1356400,2013-02-22
14242859,D,56.75,55.709999084472706,45.1569023132324,55.6800003051758,57.189998626709006,3328200,2013-02-25
14242873,D,55.2700004577637,55.279998779296896,45.2653923034668,55.0,55.9000015258789,2497200,2013-02-26
14242882,D,55.4000015258789,55.810001373290994,45.6993942260742,55.279998779296896,55.9000015258789,1812800,2013-02-27
14242945,D,55.8499984741211,56.0,45.8549652099609,55.6399993896484,56.2700004577637,2527200,2013-02-28
14242955,D,55.83000183105471,56.41999816894529,46.1988754272461,55.5,56.439998626709006,2239700,2013-03-01
14242987,D,56.380001068115206,56.4099998474121,46.1906890869141,56.029998779296896,56.5699996948242,3792700,2013-03-04
14242997,D,56.6800003051758,56.5099983215332,46.2725677490234,56.4099998474121,56.880001068115206,2731700,2013-03-05
14243010,D,56.6399993896484,56.459999084472706,46.231616973877,56.2299995422363,56.779998779296896,1718100,2013-03-06
14243020,D,56.5,55.869998931884794,45.7485198974609,55.8499984741211,56.6100006103516,2064500,2013-03-07
14243032,D,55.8899993896484,55.869998931884794,45.7485198974609,55.4500007629395,55.970001220703104,2671700,2013-03-08
14243042,D,55.9000015258789,56.2999992370605,46.100616455078104,55.869998931884794,56.2999992370605,1681400,2013-03-11
14243055,D,56.2999992370605,56.0200004577637,45.871341705322294,55.7999992370605,56.2999992370605,1154100,2013-03-12
14243067,D,56.0,56.3400001525879,46.133365631103494,55.83000183105471,56.5,1922500,2013-03-13
14243080,D,56.4000015258789,56.3499984741211,46.14155578613279,56.209999084472706,56.5,2076200,2013-03-14
14243090,D,56.119998931884794,56.790000915527294,46.5018463134766,55.91999816894529,57.060001373290994,4006900,2013-03-15
14243103,D,56.3600006103516,56.4300003051758,46.207061767578104,56.310001373290994,56.6599998474121,1380500,2013-03-18
14243112,D,56.4900016784668,56.7400016784668,46.4608955383301,56.3899993896484,56.869998931884794,1683800,2013-03-19
14243125,D,56.9300003051758,57.2000007629395,46.837562561035206,56.9300003051758,57.310001373290994,2168700,2013-03-20
14243135,D,57.0,56.91999816894529,46.6082954406738,56.8400001525879,57.4900016784668,2032500,2013-03-21
14243147,D,56.9000015258789,56.7700004577637,46.485477447509794,56.6599998474121,57.040000915527294,1901400,2013-03-22
14243163,D,57.0,56.8600006103516,46.5591621398926,56.540000915527294,57.130001068115206,2199100,2013-03-25
14243175,D,56.959999084472706,57.5900001525879,47.156925201415994,56.8899993896484,57.75,1960700,2013-03-26
14243185,D,57.439998626709006,57.529998779296896,47.1077766418457,57.279998779296896,57.7000007629395,1423000,2013-03-27
14243198,D,57.58000183105471,58.1800003051758,47.6400337219238,57.540000915527294,58.25,1832300,2013-03-28
14243208,D,58.16999816894529,58.189998626709006,47.648220062255895,57.939998626709006,58.279998779296896,1124300,2013-04-01
14243220,D,58.3199996948242,58.619998931884794,48.00032043457029,58.25,58.689998626709006,1525500,2013-04-02
14243229,D,58.7999992370605,58.75,48.10676574707029,58.5999984741211,58.9799995422363,2210500,2013-04-03
14243241,D,58.83000183105471,59.4900016784668,48.712711334228494,58.83000183105471,59.5699996948242,2275900,2013-04-04
14243251,D,59.1500015258789,59.630001068115206,48.82734680175779,59.1100006103516,59.66999816894529,2656500,2013-04-05
14243263,D,59.5999984741211,60.0699996948242,49.1876335144043,59.33000183105471,60.08000183105471,1257600,2013-04-08
14243272,D,60.7599983215332,59.8499984741211,49.0074882507324,59.810001373290994,60.790000915527294,1891600,2013-04-09
14243285,D,59.8600006103516,60.16999816894529,49.2695159912109,59.8600006103516,60.5200004577637,2514100,2013-04-10
14243295,D,60.2400016784668,59.9900016784668,49.122127532959006,59.9900016784668,60.459999084472706,2910300,2013-04-11
14243307,D,59.970001220703104,60.119998931884794,49.2285842895508,59.8899993896484,60.209999084472706,3001600,2013-04-12
14243317,D,60.0,59.2700004577637,48.5325584411621,59.2700004577637,60.3499984741211,1915200,2013-04-15
14243329,D,59.41999816894529,59.8199996948242,48.9829330444336,58.7599983215332,59.8499984741211,1535100,2013-04-16
14243348,D,59.6100006103516,59.33000183105471,48.581695556640604,59.0200004577637,59.66999816894529,1723200,2013-04-17
14243360,D,59.459999084472706,59.7999992370605,48.966548919677706,59.209999084472706,59.9000015258789,1889200,2013-04-18
14243370,D,59.9000015258789,61.0699996948242,50.0064697265625,59.709999084472706,61.0900001525879,2953200,2013-04-19
14243382,D,61.040000915527294,60.959999084472706,49.9164047241211,60.6599998474121,61.2299995422363,1628500,2013-04-22
14243393,D,61.0900001525879,61.0099983215332,49.9573440551758,60.4900016784668,61.209999084472706,1271800,2013-04-23
14243405,D,61.130001068115206,61.119998931884794,50.0474243164062,60.630001068115206,61.3600006103516,1320200,2013-04-24
14243414,D,61.0099983215332,60.75,49.7444458007812,60.310001373290994,61.0999984741211,2704200,2013-04-25
14243428,D,60.720001220703104,61.0099983215332,49.9573440551758,60.529998779296896,61.5699996948242,1641700,2013-04-26
14243439,D,60.560001373290994,61.209999084472706,50.1211166381836,60.2400016784668,61.41999816894529,1672400,2013-04-29
14243452,D,61.0999984741211,61.6800003051758,50.5059661865234,61.0,61.720001220703104,2092200,2013-04-30
14243462,D,61.7599983215332,61.1399993896484,50.0637893676758,61.0099983215332,61.8499984741211,1476600,2013-05-01
14243475,D,61.1500015258789,61.1100006103516,50.0392265319824,60.790000915527294,61.369998931884794,1681800,2013-05-02
14243484,D,61.3600006103516,60.9099998474121,49.8754539489746,60.6500015258789,61.5,2238200,2013-05-03
14243496,D,61.060001373290994,60.470001220703104,49.515167236328104,60.439998626709006,61.1500015258789,1674800,2013-05-06
14243506,D,60.4500007629395,60.9300003051758,49.8918304443359,60.3600006103516,60.9799995422363,1788600,2013-05-07
14243518,D,60.7599983215332,60.5,49.5397415161133,60.3400001525879,61.0,1446500,2013-05-08
14243528,D,60.5699996948242,59.4500007629395,48.6799659729004,59.220001220703104,60.7299995422363,2806000,2013-05-09
14243540,D,59.439998626709006,59.75,48.9256057739258,59.220001220703104,59.790000915527294,1724900,2013-05-10
14243551,D,59.5999984741211,59.689998626709006,48.8764801025391,59.2299995422363,59.939998626709006,1711400,2013-05-13
14243563,D,59.7700004577637,60.459999084472706,49.5069770812988,59.709999084472706,60.5900001525879,2328700,2013-05-14
14243633,D,60.2599983215332,60.6599998474121,49.670749664306605,60.1100006103516,61.0,2092000,2013-05-15
14243646,D,60.560001373290994,60.380001068115206,49.441471099853494,60.279998779296896,60.779998779296896,1650500,2013-05-16
14243719,D,60.529998779296896,61.16999816894529,50.0883674621582,60.4900016784668,61.220001220703104,2057700,2013-05-17
14243732,D,61.1500015258789,60.75,49.7444458007812,60.529998779296896,61.2000007629395,1371900,2013-05-20
14243742,D,60.7400016784668,60.689998626709006,49.6953201293945,60.380001068115206,61.08000183105471,1587900,2013-05-21
14243754,D,60.560001373290994,59.2599983215332,48.5243797302246,59.0099983215332,60.619998931884794,3058200,2013-05-22
14243764,D,58.630001068115206,58.9500007629395,48.270534515380895,57.5699996948242,59.2599983215332,7343600,2013-05-23
14243776,D,58.7299995422363,57.619998931884794,47.1814842224121,57.439998626709006,58.7599983215332,7056700,2013-05-24
14243785,D,57.630001068115206,57.7299995422363,47.271556854248,57.5900001525879,58.3499984741211,7417900,2013-05-28
14243797,D,57.3600006103516,57.0699996948242,46.7311210632324,56.5699996948242,57.689998626709006,2501700,2013-05-29
14243808,D,57.2400016784668,57.0900001525879,46.7474975585938,57.0099983215332,57.8899993896484,2232100,2013-05-30
14243820,D,56.970001220703104,56.5499992370605,46.3053169250488,56.5499992370605,57.7999992370605,3128100,2013-05-31
14243830,D,56.459999084472706,55.5499992370605,45.486488342285206,55.5499992370605,56.869998931884794,7373200,2013-06-03
14243842,D,55.4000015258789,55.6599998474121,45.5765495300293,55.1500015258789,56.0099983215332,8605900,2013-06-04
14243852,D,54.869998931884794,54.560001373290994,45.1319389343262,54.2999992370605,55.060001373290994,4126600,2013-06-05
14243864,D,54.5200004577637,55.2999992370605,45.74406433105471,54.1800003051758,55.2999992370605,4995300,2013-06-06
14243874,D,55.6599998474121,55.6399993896484,46.02531433105471,55.029998779296896,55.7299995422363,3467900,2013-06-07
14243886,D,55.810001373290994,55.790000915527294,46.1493949890137,55.33000183105471,55.9799995422363,2991600,2013-06-10
14243896,D,55.380001068115206,55.33000183105471,45.768882751464794,55.2000007629395,55.8499984741211,3548400,2013-06-11
14243908,D,55.689998626709006,55.3199996948242,45.7606048583984,55.220001220703104,55.869998931884794,3487900,2013-06-12
14243917,D,55.2999992370605,56.4000015258789,46.653987884521506,55.220001220703104,56.4900016784668,3287300,2013-06-13
14243929,D,56.369998931884794,56.040000915527294,46.356197357177706,55.9500007629395,56.5900001525879,2647300,2013-06-14
14243940,D,56.3499984741211,56.7299995422363,46.9269599914551,56.2000007629395,57.119998931884794,3510200,2013-06-17
14243952,D,56.8199996948242,57.0,47.1503028869629,56.529998779296896,57.0499992370605,2406400,2013-06-18
14243962,D,57.0,55.7400016784668,46.108036041259794,55.7400016784668,57.2299995422363,3284600,2013-06-19
14243974,D,55.6100006103516,54.2400016784668,44.8672370910645,54.1399993896484,55.6599998474121,3794500,2013-06-20
14244118,D,54.6800003051758,55.0099983215332,45.504180908203104,53.790000915527294,55.1599998474121,4858000,2013-06-21
14244130,D,54.4000015258789,55.2000007629395,45.661350250244105,54.1500015258789,55.5200004577637,3387700,2013-06-24
14244141,D,55.5099983215332,55.869998931884794,46.215576171875,55.0,56.1800003051758,3054200,2013-06-25
14244153,D,56.1500015258789,56.290000915527294,46.5629959106445,55.880001068115206,56.540000915527294,2495000,2013-06-26
14244389,D,56.5,56.4799995422363,46.7201614379883,56.290000915527294,56.810001373290994,2011900,2013-06-27
14244453,D,57.25,56.8199996948242,47.0014114379883,56.209999084472706,57.25,4228700,2013-06-28
14244463,D,57.1399993896484,56.2400016784668,46.521636962890604,55.9900016784668,57.3400001525879,2787300,2013-07-01
14244476,D,56.0900001525879,56.380001068115206,46.6374397277832,56.040000915527294,56.6599998474121,2353200,2013-07-02
14244486,D,56.08000183105471,56.3400001525879,46.6043510437012,55.8400001525879,56.5200004577637,1048400,2013-07-03
14244498,D,56.380001068115206,56.25,46.529899597168,55.5099983215332,56.5,2144800,2013-07-05
14244508,D,56.439998626709006,56.880001068115206,47.0510368347168,56.2599983215332,57.060001373290994,2381500,2013-07-08
14244522,D,57.0999984741211,57.3400001525879,47.431556701660206,56.9099998474121,57.439998626709006,1914600,2013-07-09
14244531,D,57.119998931884794,57.3899993896484,47.4729080200195,57.0099983215332,57.5200004577637,2476700,2013-07-10
14244543,D,57.9500007629395,58.560001373290994,48.440731048584006,57.7999992370605,58.6500015258789,2114400,2013-07-11
14244553,D,58.459999084472706,58.7999992370605,48.6392707824707,58.2400016784668,58.869998931884794,1931300,2013-07-12
14244565,D,58.6800003051758,59.720001220703104,49.4002838134766,58.5099983215332,59.880001068115206,2096000,2013-07-15
14244574,D,59.6500015258789,59.439998626709006,49.1686668395996,59.189998626709006,59.9799995422363,1451200,2013-07-16
14244587,D,59.8199996948242,59.4799995422363,49.2017478942871,59.1500015258789,59.8499984741211,1572200,2013-07-17
14244597,D,59.619998931884794,60.1599998474121,49.764251708984396,59.5999984741211,60.2000007629395,1991800,2013-07-18
14244609,D,60.2400016784668,59.6800003051758,49.3671951293945,59.58000183105471,60.380001068115206,2559600,2013-07-19
14244618,D,59.7400016784668,59.790000915527294,49.458194732665994,59.619998931884794,60.0,1193800,2013-07-22
14244630,D,59.8899993896484,59.8600006103516,49.5160903930664,59.709999084472706,60.060001373290994,1198700,2013-07-23
14244657,D,59.75,58.8499984741211,48.6806144714355,58.4900016784668,59.91999816894529,2348200,2013-07-24
14244669,D,58.7700004577637,59.3600006103516,49.10249328613279,58.75,59.5699996948242,2263100,2013-07-25
14244732,D,59.040000915527294,59.5200004577637,49.2348403930664,58.6500015258789,59.5499992370605,2209800,2013-07-26
14244744,D,59.4799995422363,59.3600006103516,49.10249328613279,59.2299995422363,59.6500015258789,1819800,2013-07-29
14244770,D,59.6399993896484,59.4000015258789,49.135581970214794,59.119998931884794,59.8499984741211,2785400,2013-07-30
14244782,D,59.58000183105471,59.310001373290994,49.061130523681605,59.0699996948242,59.790000915527294,2966400,2013-07-31
14244791,D,59.6800003051758,59.439998626709006,49.1686668395996,58.9000015258789,59.8899993896484,2532300,2013-08-01
14244804,D,59.5099983215332,59.4300003051758,49.160400390625,59.1399993896484,59.560001373290994,2237800,2013-08-02
14244813,D,59.380001068115206,59.5999984741211,49.3010139465332,58.9000015258789,59.959999084472706,2554500,2013-08-05
14244826,D,59.279998779296896,59.3199996948242,49.0694046020508,58.5099983215332,59.5900001525879,2711300,2013-08-06
14244836,D,59.0099983215332,59.869998931884794,49.5243644714355,58.7599983215332,60.290000915527294,2901300,2013-08-07
14244848,D,59.9500007629395,60.290000915527294,49.871795654296896,59.3400001525879,60.33000183105471,3037900,2013-08-08
14244858,D,60.2299995422363,60.33000183105471,49.9048728942871,59.970001220703104,60.439998626709006,2498200,2013-08-09
14244896,D,60.0200004577637,60.0699996948242,49.6898002624512,59.779998779296896,60.1100006103516,2277000,2013-08-12
14244906,D,60.0200004577637,60.25,49.838695526123,59.939998626709006,60.2999992370605,3826200,2013-08-13
14244919,D,60.0699996948242,58.8600006103516,48.688899993896506,58.7400016784668,60.220001220703104,2703900,2013-08-14
14244940,D,58.560001373290994,57.9099998474121,47.9030532836914,57.8600006103516,58.720001220703104,2280300,2013-08-15
14244953,D,57.790000915527294,57.439998626709006,47.5142707824707,57.189998626709006,57.9500007629395,2850300,2013-08-16
14244963,D,57.3600006103516,57.380001068115206,47.4646415710449,57.2599983215332,58.0200004577637,2658900,2013-08-19
14244976,D,57.380001068115206,57.880001068115206,47.8782348632812,57.380001068115206,58.369998931884794,2775400,2013-08-20
14244987,D,57.779998779296896,57.290000915527294,47.390193939209006,57.029998779296896,57.8199996948242,2463800,2013-08-21
14244999,D,57.540000915527294,57.7599983215332,47.7789726257324,57.2400016784668,57.9900016784668,6963700,2013-08-22
14245009,D,57.7700004577637,58.8600006103516,48.688899993896506,57.6100006103516,58.9900016784668,7678300,2013-08-23
14245021,D,58.9000015258789,58.3400001525879,48.2587471008301,58.33000183105471,59.2700004577637,2035500,2013-08-26
14245031,D,57.91999816894529,58.5099983215332,48.39936828613279,57.7599983215332,58.779998779296896,2352600,2013-08-27
14245044,D,58.470001220703104,58.7400016784668,48.589626312255895,58.08000183105471,58.8600006103516,1648800,2013-08-28
14245054,D,58.58000183105471,58.529998779296896,48.4159164428711,58.310001373290994,58.7400016784668,1592600,2013-08-29
14245066,D,58.4900016784668,58.3499984741211,48.267017364502,58.0900001525879,58.7599983215332,1698100,2013-08-30
14245076,D,58.8899993896484,57.779998779296896,47.7955207824707,57.66999816894529,59.0,1881800,2013-09-03
14245089,D,57.279998779296896,57.619998931884794,48.1317367553711,56.58000183105471,57.8400001525879,2861500,2013-09-04
14245099,D,57.4799995422363,57.5099983215332,48.039852142334006,56.9900016784668,57.720001220703104,2220900,2013-09-05
14245112,D,57.619998931884794,57.529998779296896,48.0565605163574,57.5099983215332,58.2700004577637,2313300,2013-09-06
14245122,D,57.5999984741211,58.0200004577637,48.4658699035645,57.5,58.08000183105471,2364400,2013-09-09
14245134,D,58.2299995422363,58.4099998474121,48.791652679443395,57.880001068115206,58.439998626709006,2502500,2013-09-10
14245144,D,58.41999816894529,58.6100006103516,48.9587211608887,57.720001220703104,59.0200004577637,4980000,2013-09-11
14245156,D,61.619998931884794,59.779998779296896,49.9360504150391,59.720001220703104,61.939998626709006,7915800,2013-09-12
14245166,D,60.459999084472706,61.279998779296896,51.189048767089794,60.2700004577637,61.619998931884794,4241600,2013-09-13
14245179,D,61.9300003051758,61.1100006103516,51.04704284667971,60.9500007629395,62.2400016784668,3667400,2013-09-16
14245188,D,61.1100006103516,61.75,51.581661224365206,60.8899993896484,61.7599983215332,2839800,2013-09-17
14245200,D,61.7599983215332,63.3899993896484,52.9515991210938,61.290000915527294,63.58000183105471,3471200,2013-09-18
14245210,D,63.3499984741211,63.209999084472706,52.8012351989746,62.9300003051758,64.0400009155273,2394400,2013-09-19
14245222,D,63.4000015258789,62.2700004577637,52.0160255432129,62.189998626709006,63.5,4126200,2013-09-20
14245232,D,62.1800003051758,62.6399993896484,52.3250923156738,61.7000007629395,62.9000015258789,3349000,2013-09-23
14245244,D,62.6500015258789,62.4500007629395,52.166385650634794,62.0999984741211,62.6800003051758,2714100,2013-09-24
14245254,D,62.58000183105471,62.41999816894529,52.141330718994105,62.4000015258789,63.0499992370605,2708400,2013-09-25
14245266,D,62.6500015258789,62.810001373290994,52.467105865478494,62.470001220703104,63.029998779296896,1560700,2013-09-26
14245267,D,62.58000183105471,62.4300003051758,52.149684906005895,62.0099983215332,62.9500007629395,1673800,2013-09-27
14245276,D,62.029998779296896,62.4799995422363,52.1914405822754,61.8199996948242,62.7400016784668,2847300,2013-09-30
14245288,D,62.91999816894529,62.5099983215332,52.2164993286133,62.2299995422363,63.2700004577637,3267400,2013-10-01
14245299,D,62.2599983215332,62.3400001525879,52.074501037597706,61.3600006103516,62.380001068115206,3059600,2013-10-02
14245311,D,62.040000915527294,61.959999084472706,51.7570724487305,61.369998931884794,62.25,2243600,2013-10-03
14245312,D,61.959999084472706,62.220001220703104,51.9742660522461,61.7000007629395,62.3499984741211,1526400,2013-10-04
14245322,D,61.8400001525879,61.6500015258789,51.498130798339794,61.619998931884794,62.189998626709006,1008600,2013-10-07
14245335,D,61.5999984741211,61.6100006103516,51.4647064208984,61.5,62.4000015258789,1878000,2013-10-08
14245345,D,61.7999992370605,61.5099983215332,51.3811721801758,61.4099998474121,62.439998626709006,3198100,2013-10-09
14245357,D,61.7999992370605,62.5900001525879,52.2833404541016,61.5200004577637,62.5900001525879,2379000,2013-10-10
14245358,D,62.630001068115206,62.9500007629395,52.5840530395508,62.4099998474121,63.2400016784668,1577100,2013-10-11
14245367,D,62.6599998474121,62.6100006103516,52.3000297546387,61.6500015258789,62.779998779296896,2180800,2013-10-14
14245379,D,62.369998931884794,61.7999992370605,51.623416900634794,61.7999992370605,62.4799995422363,1799400,2013-10-15
14245389,D,62.189998626709006,63.16999816894529,52.767822265625,62.0,63.2000007629395,2414500,2013-10-16
14245401,D,62.810001373290994,63.8499984741211,53.3358497619629,62.4099998474121,63.970001220703104,2243300,2013-10-17
14245411,D,64.0100021362305,63.6800003051758,53.193843841552706,63.4500007629395,64.2900009155273,2331600,2013-10-18
14245423,D,63.6800003051758,63.619998931884794,53.143714904785206,63.130001068115206,63.7599983215332,1587600,2013-10-21
14245433,D,63.689998626709006,64.34999847412111,53.753513336181605,63.6500015258789,64.629997253418,2111500,2013-10-22
14245445,D,64.2399978637695,64.23000335693361,53.6532783508301,63.91999816894529,64.72000122070311,1940700,2013-10-23
14245455,D,64.30999755859379,64.16000366210939,53.59480285644529,63.7700004577637,64.52999877929689,1151800,2013-10-24
14245468,D,64.0,64.66000366210939,54.0124626159668,63.7400016784668,64.69000244140621,1793800,2013-10-25
14245478,D,64.51999664306639,64.33999633789061,53.74516296386721,64.0500030517578,64.94000244140621,2149000,2013-10-28
14245491,D,64.5100021362305,64.6999969482422,54.0458831787109,64.2399978637695,64.80999755859379,1499100,2013-10-29
14245501,D,64.66000366210939,64.02999877929689,53.4862060546875,63.970001220703104,65.02999877929689,1561400,2013-10-30
14245513,D,64.129997253418,63.75,53.2523193359375,63.220001220703104,64.33999633789061,1812900,2013-10-31
14245523,D,63.959999084472706,64.08999633789061,53.5363235473633,63.720001220703104,64.34999847412111,1881900,2013-11-01
14245535,D,64.370002746582,63.9900016784668,53.452785491943395,63.6399993896484,64.370002746582,2513200,2013-11-04
14245544,D,64.4199981689453,64.5699996948242,53.937286376953104,64.0400009155273,65.6699981689453,3635200,2013-11-05
14245557,D,64.90000152587889,66.02999877929689,55.1568756103516,64.7600021362305,66.0500030517578,3075900,2013-11-06
14245566,D,66.129997253418,65.33999633789061,54.58049011230471,65.1699981689453,66.48000335693361,2786400,2013-11-07
14245578,D,65.120002746582,65.41000366210939,54.6389656066895,64.0100021362305,65.47000122070311,3464300,2013-11-08
14245588,D,65.52999877929689,65.879997253418,55.0315628051758,65.1999969482422,66.25,1990500,2013-11-11
14245601,D,65.51999664306639,65.65000152587889,54.8394432067871,65.25,65.90000152587889,2080400,2013-11-12
14245610,D,65.2900009155273,66.3300018310547,55.407470703125,64.8199996948242,66.3600006103516,3555000,2013-11-13
14245623,D,66.5100021362305,67.05999755859379,56.0172653198242,66.3000030517578,67.25,1961700,2013-11-14
14245632,D,66.91000366210939,67.51999664306639,56.4015083312988,66.84999847412111,67.51999664306639,2078500,2013-11-15
14245644,D,67.4899978637695,67.8000030517578,56.635402679443395,67.19000244140621,67.97000122070311,2442000,2013-11-18
14245654,D,67.6999969482422,67.72000122070311,56.568572998046896,67.4300003051758,67.9599990844727,2120700,2013-11-19
14245667,D,67.72000122070311,66.629997253418,55.6580696105957,66.48000335693361,67.8300018310547,2505100,2013-11-20
14245677,D,66.72000122070311,66.7399978637695,55.74995422363279,66.3899993896484,67.1100006103516,6287700,2013-11-21
14245690,D,66.75,66.620002746582,55.6497116088867,66.4300003051758,66.91000366210939,8747500,2013-11-22
14245700,D,66.8000030517578,66.34999847412111,55.4241714477539,66.3199996948242,66.870002746582,9847400,2013-11-25
14245712,D,66.5,65.90000152587889,55.0482788085938,65.52999877929689,66.5699996948242,3993100,2013-11-26
14245722,D,65.8899993896484,65.0500030517578,54.3382377624512,64.620002746582,66.0,2885100,2013-11-27
14245734,D,65.0,64.91000366210939,54.2213020324707,64.76999664306639,65.620002746582,1396200,2013-11-29
14245744,D,64.8000030517578,64.30999755859379,53.720100402832,63.7700004577637,64.879997253418,2912100,2013-12-02
14245756,D,64.2900009155273,64.7900009155273,54.1210594177246,64.0,64.8600006103516,3696700,2013-12-03
14245767,D,63.8499984741211,64.129997253418,54.0388984680176,63.439998626709006,64.3600006103516,2141900,2013-12-04
14245779,D,63.9000015258789,63.4500007629395,53.465904235839794,63.2599983215332,63.9000015258789,2452700,2013-12-05
14245789,D,63.8600006103516,64.4199981689453,54.28327941894529,63.75,64.73000335693361,1765000,2013-12-06
14245801,D,64.4199981689453,63.7400016784668,53.710269927978494,63.5200004577637,64.4199981689453,1638000,2013-12-09
14245811,D,63.7299995422363,63.5,53.5080375671387,63.0,63.8400001525879,2476500,2013-12-10
14245823,D,63.5,63.25,53.2973747253418,63.060001373290994,63.6800003051758,1889200,2013-12-11
14245833,D,63.1800003051758,63.5,53.5080375671387,63.0900001525879,63.869998931884794,2525300,2013-12-12
14245845,D,63.470001220703104,63.58000183105471,53.575439453125,63.380001068115206,63.9099998474121,1918400,2013-12-13
14245855,D,63.6500015258789,63.8600006103516,53.811393737793,63.58000183105471,64.4199981689453,1654400,2013-12-16
14245867,D,63.7999992370605,63.880001068115206,53.828239440918,63.5099983215332,64.15000152587889,1759000,2013-12-17
14245877,D,63.9900016784668,64.77999877929689,54.58662414550779,63.130001068115206,64.84999847412111,2489000,2013-12-18
14245889,D,64.6699981689453,64.5,54.350681304931605,63.7000007629395,64.6699981689453,1766200,2013-12-19
14245899,D,64.8199996948242,64.5500030517578,54.3928108215332,64.2600021362305,64.9499969482422,3804600,2013-12-20
14245911,D,64.59999847412111,64.120002746582,54.030479431152294,64.0500030517578,65.0699996948242,2215800,2013-12-23
14245921,D,64.30999755859379,64.65000152587889,54.4770698547363,63.9300003051758,64.9199981689453,916800,2013-12-24
14245933,D,64.65000152587889,64.4300003051758,54.2916946411133,64.09999847412111,64.879997253418,1077100,2013-12-26
14245943,D,64.58999633789061,64.41000366210939,54.2748413085938,64.129997253418,64.6999969482422,957700,2013-12-27
14245955,D,64.3899993896484,64.3899993896484,54.257991790771506,64.129997253418,64.8300018310547,1229800,2013-12-30
14245965,D,64.40000152587889,64.69000244140621,54.510780334472706,64.33999633789061,64.8600006103516,1386300,2013-12-31
14245977,D,64.6100006103516,63.58000183105471,53.575439453125,63.439998626709006,64.6399993896484,2282100,2014-01-02
14245987,D,63.58000183105471,63.5099983215332,53.5164642333984,63.1399993896484,63.869998931884794,1739100,2014-01-03
14245999,D,63.6399993896484,63.5200004577637,53.5248794555664,63.25,63.810001373290994,1889000,2014-01-06
14246009,D,63.810001373290994,64.69000244140621,54.510780334472706,63.7000007629395,64.7399978637695,2196600,2014-01-07
14246021,D,64.52999877929689,64.7600021362305,54.5697708129883,64.27999877929689,65.129997253418,2935500,2014-01-08
14246031,D,65.5,66.3199996948242,55.884304046630895,65.16000366210939,66.44000244140621,2961600,2014-01-09
14246043,D,66.76999664306639,67.77999877929689,57.1145553588867,66.6399993896484,67.8199996948242,3385000,2014-01-10
14246053,D,67.76999664306639,67.1699981689453,56.6005439758301,67.0100021362305,68.47000122070311,2852000,2014-01-13
14246065,D,67.1999969482422,67.1100006103516,56.5499877929688,66.8199996948242,67.4300003051758,1750500,2014-01-14
14246075,D,67.09999847412111,66.629997253418,56.1455154418945,66.55999755859379,67.16000366210939,1613700,2014-01-15
14246087,D,66.2399978637695,66.48000335693361,56.0191230773926,65.84999847412111,66.5500030517578,1779500,2014-01-16
14246097,D,66.3199996948242,66.2900009155273,55.859012603759794,66.0500030517578,66.5500030517578,1947600,2014-01-17
14246109,D,66.4899978637695,66.879997253418,56.3561668395996,66.379997253418,66.94000244140621,2775200,2014-01-21
14246119,D,66.879997253418,67.120002746582,56.558414459228494,66.7900009155273,67.2399978637695,2148200,2014-01-22
14246131,D,66.72000122070311,66.40000152587889,55.9517135620117,66.0699996948242,67.0,2643500,2014-01-23
14246141,D,66.08999633789061,65.9300003051758,55.555667877197294,65.8600006103516,66.8199996948242,2383200,2014-01-24
14246153,D,65.9599990844727,66.4199981689453,55.968563079834006,65.84999847412111,66.75,2171700,2014-01-27
14246163,D,66.4199981689453,66.2600021362305,55.8337516784668,66.05999755859379,66.6399993896484,2380500,2014-01-28
14246175,D,66.0800018310547,66.27999877929689,55.850582122802706,65.870002746582,66.4599990844727,2646200,2014-01-29
14246185,D,66.4499969482422,67.0500030517578,56.499427795410206,66.3300018310547,67.1699981689453,2184200,2014-01-30
14246197,D,65.620002746582,67.91000366210939,57.2241058349609,65.0800018310547,68.4499969482422,4436900,2014-01-31
14246207,D,67.83999633789061,67.120002746582,56.558414459228494,66.9199981689453,68.8600006103516,3096300,2014-02-03
14246219,D,67.129997253418,65.84999847412111,55.488254547119105,65.7600021362305,67.34999847412111,3507300,2014-02-04
14246230,D,65.59999847412111,65.6999969482422,55.361854553222706,65.05999755859379,65.84999847412111,2684100,2014-02-05
14246242,D,65.65000152587889,65.9300003051758,55.555667877197294,65.1100006103516,66.09999847412111,1735000,2014-02-06
14246252,D,66.0800018310547,66.9300003051758,56.3983154296875,65.9499969482422,66.98000335693361,2138000,2014-02-07
14246264,D,67.26999664306639,68.4899978637695,57.71284484863279,66.9300003051758,68.5699996948242,3972400,2014-02-10
14246274,D,68.69000244140621,69.1399993896484,58.260555267334006,68.3600006103516,69.58999633789061,3114000,2014-02-11
14246286,D,69.0,69.3600006103516,58.445949554443395,68.7600021362305,69.51999664306639,1846600,2014-02-12
14246296,D,69.05999755859379,70.69000244140621,59.5666732788086,69.0,70.75,2736000,2014-02-13
14246308,D,70.4899978637695,71.11000061035159,59.92057800292971,70.09999847412111,71.1699981689453,2225000,2014-02-14
14246319,D,71.1500015258789,70.86000061035159,59.7099189758301,70.6800003051758,71.30999755859379,2094900,2014-02-18
14246331,D,70.8199996948242,70.63999938964841,59.524528503418,70.4700012207031,71.7300033569336,2125000,2014-02-19
14246341,D,70.7300033569336,71.5,60.2492065429688,70.61000061035159,71.7300033569336,2032000,2014-02-20
14246353,D,71.5999984741211,71.38999938964841,60.1565093994141,71.3199996948242,72.0699996948242,1549200,2014-02-21
14246363,D,71.4000015258789,71.2900009155273,60.0722541809082,71.2699966430664,72.2200012207031,1514400,2014-02-24
14246375,D,71.38999938964841,71.2600021362305,60.046966552734396,71.11000061035159,71.9599990844727,1893800,2014-02-25
14246385,D,70.9499969482422,69.7600021362305,59.282154083252,69.59999847412111,71.0199966430664,2633900,2014-02-26
14246397,D,69.7600021362305,69.5800018310547,59.129177093505895,69.25,70.129997253418,1652600,2014-02-27
14246407,D,69.47000122070311,69.40000152587889,58.976226806640604,69.08999633789061,69.80999755859379,4112500,2014-02-28
14246419,D,68.97000122070311,68.58999633789061,58.287879943847706,68.3899993896484,69.4499969482422,2861700,2014-03-03
14246429,D,69.3000030517578,69.2900009155273,58.882747650146506,68.8600006103516,69.51999664306639,2891000,2014-03-04
14246441,D,69.2600021362305,68.51999664306639,58.228389739990206,68.34999847412111,69.3000030517578,2721300,2014-03-05
14246451,D,68.75,67.97000122070311,57.7610015869141,67.7900009155273,68.90000152587889,2294500,2014-03-06
14246463,D,67.8899993896484,68.44000244140621,58.160404205322294,67.58999633789061,68.5100021362305,3006800,2014-03-07
14246473,D,68.30999755859379,68.34999847412111,58.0839233398438,67.97000122070311,68.66000366210939,2016900,2014-03-10
14246485,D,68.4300003051758,68.0500030517578,57.828975677490206,67.75,68.4300003051758,2223000,2014-03-11
14246495,D,68.0100021362305,68.98000335693361,58.619300842285206,67.84999847412111,69.0100021362305,2711200,2014-03-12
14246507,D,69.0400009155273,69.5,59.061187744140604,68.8600006103516,69.6800003051758,3369800,2014-03-13
14246517,D,69.4199981689453,69.8899993896484,59.39262390136721,69.129997253418,70.08999633789061,4787500,2014-03-14
14246529,D,70.23000335693361,70.5999984741211,59.9959869384766,69.6800003051758,70.6500015258789,3800700,2014-03-17
14246539,D,70.5999984741211,70.5,59.9109992980957,70.2099990844727,70.870002746582,2411100,2014-03-18
14246551,D,70.63999938964841,69.8300018310547,59.341617584228494,69.379997253418,71.2300033569336,3163500,2014-03-19
14246561,D,70.0800018310547,69.76999664306639,59.2906341552734,68.97000122070311,70.0800018310547,2537600,2014-03-20
14246573,D,70.8199996948242,70.05999755859379,59.5370903015137,69.9300003051758,70.9599990844727,4528700,2014-03-21
14246583,D,70.0400009155273,69.76999664306639,59.2906341552734,69.4499969482422,70.38999938964841,2236100,2014-03-24
14246595,D,69.9499969482422,70.0699996948242,59.545581817627,69.51999664306639,70.2099990844727,1658300,2014-03-25
14246605,D,70.129997253418,70.3600006103516,59.792030334472706,69.97000122070311,70.9700012207031,2189500,2014-03-26
14246617,D,70.4199981689453,70.9499969482422,60.29341125488279,70.0800018310547,71.0199966430664,1819800,2014-03-27
14246627,D,70.8199996948242,71.0899963378906,60.412391662597706,70.5999984741211,71.129997253418,1866300,2014-03-28
14246639,D,71.2799987792969,70.9899978637695,60.3274040222168,70.2399978637695,71.5199966430664,2850500,2014-03-31
14246649,D,70.8499984741211,70.4000015258789,59.826011657714794,70.0400009155273,71.1600036621094,2418500,2014-04-01
14246661,D,70.4000015258789,70.27999877929689,59.724048614502,69.8899993896484,70.7200012207031,1818400,2014-04-02
14246672,D,70.4700012207031,69.76999664306639,59.2906341552734,69.66000366210939,70.5699996948242,2319900,2014-04-03
14246684,D,70.0,69.620002746582,59.163181304931605,69.5500030517578,70.7200012207031,2602500,2014-04-04
14246694,D,69.620002746582,69.19000244140621,58.797760009765604,69.1800003051758,69.9199981689453,2503800,2014-04-07
14246707,D,69.3000030517578,70.4800033569336,59.8940238952637,68.7900009155273,70.6600036621094,3601100,2014-04-08
14246717,D,70.4199981689453,70.3000030517578,59.741024017334006,69.34999847412111,70.5299987792969,2687700,2014-04-09
14246729,D,70.1800003051758,69.5800018310547,59.129177093505895,69.2399978637695,70.6500015258789,3407500,2014-04-10
14246739,D,69.52999877929689,69.4199981689453,58.9932174682617,69.2399978637695,69.9300003051758,2285400,2014-04-11
14246751,D,69.73000335693361,70.23000335693361,59.6815528869629,69.40000152587889,70.5199966430664,1865500,2014-04-14
14246761,D,70.22000122070311,70.5699996948242,59.9704742431641,69.76999664306639,70.5899963378906,2149400,2014-04-15
14246773,D,70.8000030517578,71.5299987792969,60.78630065917971,70.5199966430664,71.5299987792969,1799300,2014-04-16
14246783,D,71.2300033569336,70.6699981689453,60.0554695129395,70.63999938964841,71.69000244140621,1831200,2014-04-17
14246795,D,70.879997253418,70.7300033569336,60.106449127197294,70.370002746582,71.3399963378906,1235400,2014-04-21
14246805,D,70.8199996948242,70.870002746582,60.225425720214794,70.4000015258789,71.0500030517578,1602900,2014-04-22
14246818,D,70.7900009155273,71.05999755859379,60.3868942260742,70.7200012207031,71.55999755859379,1732900,2014-04-23
14246828,D,71.11000061035159,71.5199966430664,60.7777824401855,70.61000061035159,71.7699966430664,1489900,2014-04-24
14246841,D,71.5199966430664,72.3300018310547,61.4661331176758,71.4899978637695,72.379997253418,1689200,2014-04-25
14246852,D,72.3300018310547,72.7399978637695,61.814571380615206,71.9199981689453,72.8399963378906,1864600,2014-04-28
14246864,D,72.7099990844727,72.4599990844727,61.576602935790994,72.120002746582,72.80999755859379,2323800,2014-04-29
14246874,D,72.9000015258789,72.5400009155273,61.644603729248,72.1800003051758,73.75,2745300,2014-04-30
14246887,D,72.5800018310547,72.4800033569336,61.5936164855957,71.7900009155273,73.0,1572100,2014-05-01
14246897,D,72.129997253418,70.86000061035159,60.2169303894043,70.4700012207031,72.2399978637695,1906800,2014-05-02
14246910,D,70.7099990844727,71.1600036621094,60.4718704223633,70.5999984741211,71.2600021362305,1621800,2014-05-05
14246920,D,70.9599990844727,70.63999938964841,60.029964447021506,70.4800033569336,71.1600036621094,1895200,2014-05-06
14246933,D,71.11000061035159,72.2099990844727,61.364173889160206,71.0100021362305,72.2399978637695,1942700,2014-05-07
14246943,D,72.0800018310547,71.0800018310547,60.40388488769529,70.870002746582,72.379997253418,1425300,2014-05-08
14246953,D,71.0899963378906,69.8600006103516,59.3671264648438,69.75,71.2900009155273,1664700,2014-05-09
14246963,D,70.0500030517578,69.3300018310547,58.9167327880859,69.3000030517578,70.0699996948242,1901200,2014-05-12
14246973,D,69.51999664306639,69.8000030517578,59.316131591796896,69.2900009155273,69.9899978637695,2003800,2014-05-13
14246984,D,69.9199981689453,70.5699996948242,59.9704742431641,69.9199981689453,70.9899978637695,2071200,2014-05-14
14246994,D,70.629997253418,70.0800018310547,59.5541000366211,69.97000122070311,70.7600021362305,1309800,2014-05-15
14247004,D,70.05999755859379,70.3300018310547,59.7665328979492,69.77999877929689,70.370002746582,1513000,2014-05-16
14247014,D,70.2099990844727,69.0400009155273,58.670295715332,68.9899978637695,70.2600021362305,2053600,2014-05-19
14247024,D,69.1800003051758,68.9199981689453,58.56831359863279,68.6999969482422,69.65000152587889,1937500,2014-05-20
14247035,D,69.09999847412111,68.9599990844727,58.6023139953613,68.72000122070311,69.2600021362305,1461700,2014-05-21
14247045,D,69.16000366210939,69.8199996948242,59.333137512207,68.9599990844727,70.129997253418,1518500,2014-05-22
14247055,D,69.94000244140621,69.3199996948242,58.908233642578104,69.3199996948242,70.0,2387600,2014-05-23
14247065,D,69.72000122070311,69.4199981689453,58.9932174682617,69.0800018310547,70.0,2416100,2014-05-27
14247075,D,68.84999847412111,68.34999847412111,58.5903205871582,68.25,68.98000335693361,3679400,2014-05-28
14247085,D,68.41000366210939,68.51999664306639,58.736045837402294,68.1800003051758,68.6100006103516,2983800,2014-05-29
14247095,D,68.58999633789061,68.9599990844727,59.1132316589355,68.22000122070311,68.9899978637695,2524100,2014-05-30
14247105,D,69.0,69.59999847412111,59.6618461608887,68.7399978637695,69.76999664306639,2051300,2014-06-02
14247116,D,69.51999664306639,69.870002746582,59.893272399902294,69.4599990844727,70.01999664306639,2551100,2014-06-03
14247127,D,69.55999755859379,70.0500030517578,60.047580718994105,69.4199981689453,70.1100006103516,2026200,2014-06-04
14247139,D,69.90000152587889,70.23000335693361,60.201877593994105,69.7900009155273,70.4199981689453,2265100,2014-06-05
14247150,D,70.4000015258789,69.84999847412111,59.8761405944824,69.73000335693361,70.5999984741211,1619800,2014-06-06
14247160,D,69.69000244140621,69.0100021362305,59.156089782714794,68.84999847412111,69.76999664306639,1799600,2014-06-09
14247170,D,68.6399993896484,68.629997253418,58.8303413391113,68.4300003051758,69.05999755859379,1887200,2014-06-10
14247180,D,68.44000244140621,67.7099990844727,58.041709899902294,67.6800003051758,68.6699981689453,2006600,2014-06-11
14247190,D,67.59999847412111,68.02999877929689,58.3160209655762,67.05999755859379,68.26999664306639,1926600,2014-06-12
14247200,D,68.0,68.44000244140621,58.6674728393555,67.6100006103516,68.59999847412111,2691700,2014-06-13
14247210,D,68.3600006103516,68.5,58.718898773193395,68.2399978637695,69.3300018310547,2580400,2014-06-16
14247221,D,68.370002746582,68.48000335693361,58.7017707824707,68.1100006103516,68.65000152587889,2579800,2014-06-17
14247231,D,68.47000122070311,69.9499969482422,59.96186828613279,68.370002746582,69.97000122070311,2948400,2014-06-18
14247241,D,70.1699981689453,71.0,60.8619384765625,70.08999633789061,71.2900009155273,3955600,2014-06-19
14247251,D,70.9700012207031,70.379997253418,60.330448150634794,70.30999755859379,71.4100036621094,3937400,2014-06-20
14247262,D,70.629997253418,70.0400009155273,60.0390090942383,69.72000122070311,70.879997253418,2187200,2014-06-23
14247272,D,69.94000244140621,70.33999633789061,60.2961616516113,69.9199981689453,70.5899963378906,1802200,2014-06-24
14247282,D,70.0,69.7600021362305,59.798999786377,69.5,70.129997253418,4956800,2014-06-25
14247292,D,70.09999847412111,71.129997253418,60.9733734130859,69.90000152587889,71.1699981689453,6884200,2014-06-26
14247304,D,70.9100036621094,70.8199996948242,60.707637786865206,70.4599990844727,71.11000061035159,3406100,2014-06-27
14247314,D,70.7399978637695,71.5199966430664,61.3076705932617,70.5199966430664,71.6999969482422,3228900,2014-06-30
14247325,D,71.5299987792969,71.1600036621094,60.999088287353494,70.63999938964841,71.620002746582,3214200,2014-07-01
14247335,D,70.9899978637695,69.6399993896484,59.6961250305176,69.26999664306639,71.0,3615900,2014-07-02
14247345,D,69.2600021362305,68.66000366210939,58.8560600280762,68.02999877929689,69.2600021362305,2603900,2014-07-03
14247355,D,68.5,68.8600006103516,59.027496337890604,68.379997253418,69.3000030517578,2767500,2014-07-07
14247366,D,68.7399978637695,69.15000152587889,59.2761077880859,68.6800003051758,69.2099990844727,2702100,2014-07-08
14247376,D,69.25,69.1999969482422,59.3189544677734,68.6999969482422,69.379997253418,1726900,2014-07-09
14247386,D,69.1100006103516,69.98000335693361,59.9875831604004,69.0,70.0,2191100,2014-07-10
14247396,D,69.8000030517578,69.5,59.5761032104492,69.4199981689453,69.98000335693361,1257700,2014-07-11
14247406,D,69.72000122070311,68.90000152587889,59.0617866516113,68.879997253418,69.75,1605000,2014-07-14
14247416,D,68.84999847412111,69.51999664306639,59.5932502746582,68.80999755859379,69.59999847412111,2406500,2014-07-15
14247427,D,69.75,69.76999664306639,59.8075561523438,69.0500030517578,69.8300018310547,1303200,2014-07-16
14247437,D,69.6800003051758,69.1399993896484,59.26753234863279,69.129997253418,69.879997253418,2012900,2014-07-17
14247447,D,69.44000244140621,70.16000366210939,60.141883850097706,68.97000122070311,70.3000030517578,1852000,2014-07-18
14247457,D,69.7600021362305,70.01999664306639,60.0218734741211,69.73000335693361,70.3300018310547,1564600,2014-07-21
14247467,D,70.33999633789061,69.94000244140621,59.9532890319824,69.83999633789061,70.34999847412111,1690700,2014-07-22
14247477,D,69.84999847412111,70.2099990844727,60.184741973877,69.6800003051758,70.2900009155273,1314000,2014-07-23
14247488,D,69.77999877929689,70.33999633789061,60.2961616516113,69.77999877929689,70.5999984741211,1203200,2014-07-24
14247499,D,70.6800003051758,69.8600006103516,59.8847122192383,69.7600021362305,70.6800003051758,1101900,2014-07-25
14247509,D,69.75,70.879997253418,60.7590675354004,69.75,71.05999755859379,1806400,2014-07-28
14247519,D,70.6699981689453,69.9300003051758,59.9447212219238,69.9300003051758,70.9800033569336,2231100,2014-07-29
14247530,D,70.0,68.97000122070311,59.121795654296896,68.40000152587889,70.6600036621094,2588900,2014-07-30
14247540,D,68.629997253418,67.6399993896484,57.9817085266113,67.5800018310547,68.84999847412111,3266900,2014-07-31
14247550,D,67.3300018310547,67.58999633789061,57.938850402832,67.22000122070311,68.41000366210939,2601800,2014-08-01
14247560,D,67.48000335693361,67.02999877929689,57.458812713623,65.84999847412111,67.58999633789061,3911100,2014-08-04
14247570,D,66.9599990844727,66.0100021362305,56.5844535827637,65.7399978637695,67.08999633789061,3036100,2014-08-05
14247580,D,65.620002746582,64.91000366210939,55.6415328979492,64.7099990844727,65.6999969482422,5188600,2014-08-06
14247590,D,65.1699981689453,65.7600021362305,56.370147705078104,65.1699981689453,65.94000244140621,2863700,2014-08-07
14247601,D,66.2099990844727,67.84999847412111,58.161705017089794,66.2099990844727,67.90000152587889,3872800,2014-08-08
14247611,D,67.8199996948242,67.5500030517578,57.9045562744141,67.3000030517578,68.08999633789061,2103600,2014-08-11
14247621,D,67.379997253418,67.4899978637695,57.853118896484396,67.27999877929689,67.8199996948242,1372800,2014-08-12
14247631,D,67.5800018310547,67.76999664306639,58.093143463134794,67.3600006103516,68.0500030517578,1321500,2014-08-13
14247641,D,67.8300018310547,68.2900009155273,58.53889465332029,67.7399978637695,68.34999847412111,1194800,2014-08-14
14247651,D,68.5699996948242,68.90000152587889,59.0617866516113,68.48000335693361,69.34999847412111,2190900,2014-08-15
14247662,D,68.97000122070311,68.6800003051758,58.873199462890604,68.55999755859379,69.25,1375600,2014-08-18
14247672,D,68.6800003051758,69.58999633789061,59.6532707214355,68.58999633789061,69.6100006103516,1780800,2014-08-19
14247682,D,69.5500030517578,69.65000152587889,59.7047004699707,69.16000366210939,69.7099990844727,1221800,2014-08-20
14247692,D,69.6399993896484,69.69000244140621,59.7389907836914,69.5699996948242,70.15000152587889,1606900,2014-08-21
14247703,D,69.80999755859379,69.5100021362305,59.584686279296896,68.9899978637695,69.94000244140621,1617300,2014-08-22
14247713,D,69.77999877929689,70.08999633789061,60.081871032714794,69.58999633789061,70.25,1574200,2014-08-25
14247723,D,70.15000152587889,69.4300003051758,59.51611328125,69.41000366210939,70.379997253418,1483300,2014-08-26
14247733,D,69.0,69.48000335693361,60.0781593322754,68.9300003051758,69.52999877929689,1850600,2014-08-27
14247743,D,69.23000335693361,69.84999847412111,60.3980903625488,69.05999755859379,69.8600006103516,1696000,2014-08-28
14247754,D,69.73000335693361,70.22000122070311,60.7180252075195,69.5800018310547,70.2600021362305,1606400,2014-08-29
14247764,D,70.3300018310547,69.47000122070311,60.069507598877,69.0800018310547,70.9499969482422,2619800,2014-09-02
14247774,D,69.51999664306639,69.66000366210939,60.2337989807129,69.44000244140621,70.0,1671500,2014-09-03
14247784,D,69.6999969482422,70.26999664306639,60.7612495422363,69.5,70.4499969482422,2593400,2014-09-04
14247795,D,70.38999938964841,71.2900009155273,61.643238067627,70.3300018310547,71.3000030517578,2017300,2014-09-05
14247805,D,71.1999969482422,70.8499984741211,61.262767791748,70.4800033569336,71.3300018310547,2695700,2014-09-08
14247817,D,70.629997253418,69.870002746582,60.4153709411621,69.83999633789061,70.7799987792969,2497800,2014-09-09
14247828,D,69.76999664306639,69.52999877929689,60.12138366699221,69.3300018310547,69.9599990844727,1497700,2014-09-10
14247838,D,69.52999877929689,69.9199981689453,60.4586181640625,69.2099990844727,70.0500030517578,1605800,2014-09-11
14247848,D,69.5699996948242,68.5800018310547,59.2999420166016,68.27999877929689,69.5699996948242,1942000,2014-09-12
14247858,D,68.7399978637695,68.66000366210939,59.3691177368164,68.33999633789061,69.0400009155273,1272500,2014-09-15
14247868,D,68.5500030517578,69.33999633789061,59.9570922851562,68.5100021362305,69.6399993896484,1719200,2014-09-16
14247878,D,69.73000335693361,69.0500030517578,59.7063484191895,68.6699981689453,69.77999877929689,2307100,2014-09-17
14247888,D,69.05999755859379,68.51999664306639,59.2480545043945,68.19000244140621,69.30999755859379,1756000,2014-09-18
14247898,D,68.379997253418,68.9199981689453,59.593929290771506,68.379997253418,69.0699996948242,3030300,2014-09-19
14247908,D,68.9199981689453,68.3000030517578,59.057834625244105,68.0800018310547,68.9899978637695,1709700,2014-09-22
14247918,D,68.3000030517578,68.3000030517578,59.057834625244105,67.9199981689453,68.4499969482422,3644500,2014-09-23
14247928,D,68.40000152587889,68.1100006103516,58.8935394287109,67.9599990844727,68.4300003051758,1690200,2014-09-24
14247938,D,68.0,67.629997253418,58.478485107421896,67.6100006103516,68.5,1743800,2014-09-25
14247948,D,67.9899978637695,68.02999877929689,58.824371337890604,67.2900009155273,68.3300018310547,1661100,2014-09-26
14247958,D,67.8000030517578,68.48000335693361,59.2134780883789,67.58999633789061,68.5800018310547,1660400,2014-09-29
14247968,D,68.84999847412111,69.08999633789061,59.7409324645996,68.83999633789061,70.16000366210939,2832700,2014-09-30
14247978,D,69.4199981689453,69.2600021362305,59.887935638427706,69.05999755859379,69.9300003051758,2192300,2014-10-01
14247988,D,69.25,69.3199996948242,59.9398078918457,69.01999664306639,69.75,1679200,2014-10-02
14247998,D,69.4899978637695,70.0400009155273,60.562374114990206,69.01999664306639,70.15000152587889,2125600,2014-10-03
14248008,D,70.02999877929689,70.0699996948242,60.5883178710938,69.75,70.44000244140621,1846800,2014-10-06
14248018,D,69.72000122070311,70.19000244140621,60.6920776367188,69.6999969482422,70.6699981689453,2797800,2014-10-07
14248028,D,70.1999969482422,72.120002746582,62.36091613769529,70.0400009155273,72.1999969482422,4582800,2014-10-08
14248038,D,72.120002746582,70.4300003051758,60.899593353271506,70.38999938964841,72.2399978637695,2729100,2014-10-09
14248048,D,70.7799987792969,70.620002746582,61.0638961791992,70.5899963378906,71.629997253418,2966300,2014-10-10
14248058,D,70.7900009155273,69.9899978637695,60.519138336181605,69.97000122070311,71.36000061035159,3822200,2014-10-13
14248068,D,70.26999664306639,68.1800003051758,58.954063415527294,67.9599990844727,70.34999847412111,8512600,2014-10-14
14248078,D,67.73000335693361,66.3300018310547,57.354408264160206,65.52999877929689,68.01999664306639,8471800,2014-10-15
14248088,D,65.5500030517578,67.98000335693361,58.7811393737793,65.5500030517578,68.3899993896484,4927200,2014-10-16
14248098,D,68.2399978637695,68.73000335693361,59.4296379089355,67.5100021362305,68.91000366210939,3108000,2014-10-17
14248108,D,68.8199996948242,69.47000122070311,60.069507598877,68.629997253418,69.5699996948242,2033000,2014-10-20
14248118,D,69.5699996948242,70.0100021362305,60.5364456176758,69.15000152587889,70.129997253418,1810300,2014-10-21
14248128,D,69.84999847412111,70.02999877929689,60.553737640380895,69.8300018310547,70.7699966430664,2647600,2014-10-22
14248138,D,70.55999755859379,70.09999847412111,60.6142654418945,69.8899993896484,70.75,1818900,2014-10-23
14248148,D,70.22000122070311,70.7200012207031,61.150363922119105,70.01999664306639,70.9899978637695,1751100,2014-10-24
14248158,D,70.7099990844727,70.3600006103516,60.839080810546896,70.2399978637695,70.94000244140621,1679700,2014-10-27
14248168,D,70.5199966430664,70.7099990844727,61.141716003418,69.72000122070311,70.7099990844727,2520600,2014-10-28
14248178,D,70.6699981689453,70.1699981689453,60.674774169921896,69.52999877929689,71.0,2347400,2014-10-29
14248189,D,70.4499969482422,71.5800018310547,61.893978118896506,69.6800003051758,71.6699981689453,3766900,2014-10-30
14248199,D,70.0400009155273,71.3000030517578,61.6518783569336,70.0400009155273,71.7900009155273,4292900,2014-10-31
14248209,D,71.5299987792969,72.55999755859379,62.7413749694824,71.4700012207031,72.94000244140621,3224200,2014-11-03
14248219,D,72.61000061035159,71.8199996948242,62.1015281677246,71.4199981689453,72.8199996948242,1964500,2014-11-04
14248229,D,72.0999984741211,74.1800003051758,64.1421661376953,71.9100036621094,74.5899963378906,4824700,2014-11-05
14248239,D,74.1800003051758,73.0800018310547,63.1910209655762,72.55999755859379,74.2399978637695,3884700,2014-11-06
14248249,D,73.4199981689453,73.88999938964841,63.8913993835449,73.1800003051758,73.9199981689453,2038500,2014-11-07
14248259,D,73.88999938964841,74.36000061035159,64.2978134155273,73.4100036621094,74.4899978637695,2097400,2014-11-10
14248269,D,74.1699981689453,73.9100036621094,63.9087066650391,73.5699996948242,74.38999938964841,2472200,2014-11-11
14248279,D,72.3499984741211,72.7099990844727,62.8710746765137,72.0500030517578,73.30999755859379,2838000,2014-11-12
14248289,D,72.7799987792969,72.2600021362305,62.481971740722706,72.0699996948242,73.129997253418,2599300,2014-11-13
14248299,D,72.0100021362305,71.5699996948242,61.8853416442871,71.38999938964841,72.0999984741211,2888400,2014-11-14
14248309,D,71.4300003051758,72.1600036621094,62.395503997802706,71.3399963378906,72.3199996948242,1652500,2014-11-17
14248319,D,72.0800018310547,72.1999969482422,62.430091857910206,71.80999755859379,72.61000061035159,1677100,2014-11-18
14248329,D,72.0299987792969,72.4599990844727,62.654899597168,71.8499984741211,72.6600036621094,1578000,2014-11-19
14248339,D,72.0199966430664,72.6699981689453,62.836483001709006,71.86000061035159,72.7099990844727,1786800,2014-11-20
14248349,D,73.2399978637695,73.25,63.3380012512207,72.629997253418,73.69000244140621,2576100,2014-11-21
14248359,D,73.25,73.0500030517578,63.165069580078104,72.9199981689453,73.7300033569336,2431000,2014-11-24
14248369,D,72.4499969482422,72.629997253418,63.3220100402832,71.9800033569336,72.8199996948242,2652800,2014-11-25
14248379,D,72.7799987792969,72.5299987792969,63.2348136901855,72.13999938964841,72.9899978637695,1591000,2014-11-26
14248389,D,72.4499969482422,72.5500030517578,63.252254486084006,72.4199981689453,73.3000030517578,1268500,2014-11-28
14248399,D,72.1600036621094,72.2799987792969,63.0168609619141,71.9000015258789,72.9499969482422,2643200,2014-12-01
14248409,D,72.2699966430664,72.8399963378906,63.5051040649414,71.9000015258789,73.1999969482422,2286000,2014-12-02
14248419,D,72.8199996948242,72.5800018310547,63.278404235839794,72.2200012207031,73.0699996948242,1496500,2014-12-03
14248429,D,72.5899963378906,72.7399978637695,63.4179191589355,72.1699981689453,73.0500030517578,1733000,2014-12-04
14248460,D,72.0299987792969,72.1500015258789,62.903533935546896,71.86000061035159,72.6699981689453,1571500,2014-12-05
14248470,D,72.30999755859379,72.3499984741211,63.0778884887695,72.0,73.0100021362305,1654000,2014-12-08
14248483,D,72.25,72.5100021362305,63.2173881530762,72.11000061035159,72.8000030517578,2094800,2014-12-09
14248493,D,73.5299987792969,71.879997253418,62.66813659667971,71.80999755859379,74.4700012207031,8403400,2014-12-10
14248504,D,72.5699996948242,73.370002746582,63.9671783447266,72.3199996948242,73.9499969482422,3741000,2014-12-11
14248514,D,73.2300033569336,72.7200012207031,63.400474548339794,72.69000244140621,73.879997253418,3800000,2014-12-12
14248525,D,73.05999755859379,71.9800033569336,62.7553100585938,71.4300003051758,73.05999755859379,2352100,2014-12-15
14248535,D,72.0100021362305,71.7900009155273,62.589656829834006,71.3399963378906,73.30999755859379,2124900,2014-12-16
14248545,D,72.36000061035159,73.9700012207031,64.4902725219727,72.1800003051758,74.0899963378906,2643800,2014-12-17
14248555,D,74.2399978637695,75.3300018310547,65.6759719848633,73.7799987792969,75.3399963378906,2756200,2014-12-18
14248565,D,75.3000030517578,75.4000015258789,65.7370071411133,74.44000244140621,75.9499969482422,4360700,2014-12-19
14248575,D,76.0299987792969,76.5100021362305,66.7047500610352,75.7799987792969,76.9700012207031,2747400,2014-12-22
14248585,D,76.8300018310547,76.9000015258789,67.0447845458984,76.1999969482422,77.5100021362305,1923200,2014-12-23
14248595,D,76.8000030517578,78.379997253418,68.33511352539061,76.7099990844727,78.6600036621094,1414700,2014-12-24
14248605,D,78.4800033569336,79.2799987792969,69.119758605957,78.25,79.8499984741211,3526600,2014-12-26
14248615,D,79.2399978637695,80.2300033569336,69.94802093505861,79.2399978637695,80.88999938964841,2761400,2014-12-29
14248625,D,79.9499969482422,78.3000030517578,68.2653732299805,78.0299987792969,80.129997253418,1990200,2014-12-30
14248635,D,78.370002746582,76.9000015258789,67.0447845458984,76.8000030517578,78.5100021362305,2080800,2014-12-31
14248645,D,77.2600021362305,77.4899978637695,67.5591659545898,76.5299987792969,77.5999984741211,2210200,2015-01-02
14248655,D,77.2799987792969,76.5500030517578,66.73964691162111,76.3000030517578,77.5999984741211,2779200,2015-01-05
14248665,D,76.7900009155273,76.1600036621094,66.39963531494139,76.0299987792969,77.94000244140621,3290000,2015-01-06
14248675,D,76.370002746582,76.4700012207031,66.6698837280273,75.7200012207031,77.0100021362305,2908100,2015-01-07
14248685,D,77.05999755859379,77.370002746582,67.4545516967773,76.879997253418,77.7399978637695,2164100,2015-01-08
14248695,D,77.5500030517578,76.5,66.6960372924805,76.2099990844727,77.6800003051758,1815100,2015-01-09
14248705,D,76.7600021362305,76.5,66.6960372924805,75.7300033569336,76.9000015258789,2177300,2015-01-12
14248715,D,77.2300033569336,76.44000244140621,66.6437225341797,75.870002746582,77.7200012207031,2347000,2015-01-13
14248725,D,76.2699966430664,76.4499969482422,66.65244293212889,75.3300018310547,76.9499969482422,3647800,2015-01-14
14248735,D,76.5299987792969,77.1699981689453,67.280158996582,76.0199966430664,77.379997253418,2655100,2015-01-15
14248745,D,77.2200012207031,77.7600021362305,67.794563293457,76.8300018310547,77.80999755859379,2559400,2015-01-16
14248755,D,78.0,78.370002746582,68.3263778686523,77.3000030517578,78.38999938964841,1912500,2015-01-20
14248765,D,78.0,79.2699966430664,69.11105346679689,77.4700012207031,79.4300003051758,2466000,2015-01-21
14248775,D,79.44000244140621,78.7200012207031,68.6315383911133,78.120002746582,79.7099990844727,3053700,2015-01-22
14248785,D,78.9599990844727,79.0899963378906,68.95412445068361,78.4199981689453,79.5400009155273,1507300,2015-01-23
14248795,D,78.7600021362305,78.9300003051758,68.8146286010742,77.9800033569336,79.0899963378906,1617500,2015-01-26
14248805,D,78.7300033569336,78.9800033569336,68.8582000732422,78.2600021362305,79.4000015258789,1523500,2015-01-27
14248815,D,79.0,77.8499984741211,67.87302398681639,77.6999969482422,79.88999938964841,2090400,2015-01-28
14248825,D,77.9499969482422,79.13999938964841,68.9977188110352,77.3499984741211,79.2699966430664,1887300,2015-01-29
14248835,D,78.8199996948242,76.88999938964841,67.03607177734379,76.8199996948242,78.8499984741211,2939700,2015-01-30
14248845,D,77.1800003051758,77.7200012207031,67.7596969604492,76.44000244140621,78.0400009155273,2560800,2015-02-02
14248855,D,77.6500015258789,78.5800018310547,68.5094680786133,77.120002746582,78.879997253418,3045700,2015-02-03
14248865,D,78.1600036621094,77.629997253418,67.6812286376953,77.379997253418,78.8499984741211,2138300,2015-02-04
14248875,D,78.0299987792969,78.69000244140621,68.6054000854492,77.30999755859379,78.8199996948242,1779600,2015-02-05
14248885,D,78.19000244140621,75.7099990844727,66.0072708129883,75.0299987792969,78.30999755859379,3956000,2015-02-06
14248895,D,75.7200012207031,75.2300033569336,65.58880615234379,74.7099990844727,78.1500015258789,4549300,2015-02-09
14248905,D,75.2300033569336,76.6600036621094,66.83554840087889,75.2200012207031,76.86000061035159,4019500,2015-02-10
14248915,D,76.2099990844727,74.120002746582,64.62106323242189,74.0,76.4899978637695,4040700,2015-02-11
14248925,D,74.2699966430664,73.7200012207031,64.27231597900389,73.36000061035159,74.5999984741211,5422100,2015-02-12
14248935,D,73.8300018310547,72.9100036621094,63.5661277770996,72.120002746582,73.8300018310547,4098100,2015-02-13
14248945,D,72.8499984741211,73.1800003051758,63.8015327453613,72.19000244140621,73.63999938964841,4604800,2015-02-17
14248955,D,73.0,74.6699981689453,65.1005783081055,73.0,74.6999969482422,2965200,2015-02-18
14248965,D,74.3499984741211,73.7900009155273,64.33334350585939,73.5,74.5699996948242,3625200,2015-02-19
14248975,D,73.7399978637695,73.9899978637695,64.50771331787111,73.0299987792969,74.0299987792969,3342600,2015-02-20
14248985,D,73.9700012207031,73.9000015258789,64.42926025390621,73.4700012207031,74.3000030517578,1660200,2015-02-23
14248995,D,73.8499984741211,74.05999755859379,64.5687408447266,73.5100021362305,74.7300033569336,2211100,2015-02-24
14249005,D,73.7200012207031,72.7099990844727,63.9508743286133,72.5899963378906,73.8399963378906,2381500,2015-02-25
14249015,D,72.80999755859379,71.9499969482422,63.28242492675779,71.75,73.0100021362305,2416200,2015-02-26
14249025,D,71.9899978637695,72.0899963378906,63.40556335449221,71.61000061035159,72.5,2220200,2015-02-27
14249035,D,72.0899963378906,70.3199996948242,61.848785400390604,69.90000152587889,72.0899963378906,4422800,2015-03-02
14249045,D,70.4199981689453,70.9700012207031,62.4204711914062,69.77999877929689,71.0199966430664,3734800,2015-03-03
14249055,D,70.55999755859379,70.61000061035159,62.1038475036621,70.3600006103516,70.8199996948242,2640200,2015-03-04
14249065,D,70.8300018310547,71.1800003051758,62.605194091796896,70.63999938964841,71.7399978637695,3371300,2015-03-05
14249075,D,70.15000152587889,69.5800018310547,61.197925567627,69.19000244140621,70.1699981689453,4783400,2015-03-06
14249085,D,69.5800018310547,69.5699996948242,61.18913269042971,69.47000122070311,70.1399993896484,2359000,2015-03-09
14249095,D,69.4199981689453,69.2600021362305,60.9164810180664,69.23000335693361,70.22000122070311,5119900,2015-03-10
14249105,D,69.5100021362305,68.75,60.467903137207,68.7399978637695,69.870002746582,3759500,2015-03-11
14249115,D,69.1999969482422,69.8199996948242,61.40901184082029,69.05999755859379,70.1100006103516,3042600,2015-03-12
14249125,D,69.8300018310547,68.9599990844727,60.652626037597706,68.25,69.83999633789061,2858100,2015-03-13
14249135,D,69.23000335693361,69.98000335693361,61.5497550964355,69.02999877929689,70.38999938964841,2621800,2015-03-16
14249145,D,69.8899993896484,69.9899978637695,61.5585403442383,69.5500030517578,70.2900009155273,2293600,2015-03-17
14249155,D,69.879997253418,71.9199981689453,63.2560424804688,69.5800018310547,72.30999755859379,3151400,2015-03-18
14249165,D,71.8000030517578,71.5999984741211,62.9745903015137,71.2399978637695,72.620002746582,2562000,2015-03-19
14249175,D,71.80999755859379,72.19000244140621,63.4935111999512,71.6600036621094,72.5500030517578,4294100,2015-03-20
14249185,D,72.0400009155273,72.1999969482422,63.502315521240206,71.9199981689453,72.5500030517578,2381500,2015-03-23
14249195,D,72.0,71.4599990844727,62.8514633178711,71.3000030517578,72.5199966430664,2376800,2015-03-24
14249205,D,71.4499969482422,70.6999969482422,62.1830024719238,70.63999938964841,71.9199981689453,2456100,2015-03-25
14249215,D,70.5999984741211,70.3600006103516,61.883960723877,70.0800018310547,71.0500030517578,2370900,2015-03-26
14249233,D,70.44000244140621,70.38999938964841,61.91035461425779,70.1699981689453,70.870002746582,1962100,2015-03-27
14249243,D,70.5699996948242,71.13999938964841,62.5700073242188,70.27999877929689,71.4000015258789,1427500,2015-03-30
14249272,D,71.0100021362305,70.870002746582,62.3325386047363,70.3300018310547,71.5400009155273,2479600,2015-03-31
14249283,D,71.11000061035159,71.5100021362305,62.8954467773438,70.129997253418,71.7900009155273,2596700,2015-04-01
14249293,D,71.61000061035159,71.5800018310547,62.9569969177246,71.2300033569336,71.8300018310547,1784200,2015-04-02
14249303,D,71.6800003051758,72.7099990844727,63.9508743286133,71.6800003051758,73.0,2330000,2015-04-06
14249314,D,72.7099990844727,71.9499969482422,63.28242492675779,71.9100036621094,72.8499984741211,1852900,2015-04-07
14249325,D,71.9199981689453,71.75,63.106517791748,71.4100036621094,72.0400009155273,2027300,2015-04-08
14249335,D,71.5699996948242,71.370002746582,62.7723045349121,70.80999755859379,71.5899963378906,1545800,2015-04-09
14249345,D,71.4499969482422,71.9000015258789,63.238452911377,71.2600021362305,72.2799987792969,1175600,2015-04-10
14249355,D,71.9000015258789,71.0899963378906,62.526031494140604,71.0199966430664,72.0,1360800,2015-04-13
14249366,D,71.13999938964841,71.629997253418,63.0009651184082,71.0299987792969,71.8000030517578,1799600,2015-04-14
14249376,D,71.8300018310547,72.4199981689453,63.695804595947294,71.61000061035159,72.55999755859379,2953200,2015-04-15
14249386,D,72.1500015258789,71.8000030517578,63.1504974365234,71.30999755859379,72.1699981689453,2373200,2015-04-16
14249396,D,71.36000061035159,71.4700012207031,62.8602485656738,71.2699966430664,72.0,2942000,2015-04-17
14249406,D,71.620002746582,72.75,63.986057281494105,71.620002746582,73.44000244140621,2332900,2015-04-20
14249416,D,72.7799987792969,72.0899963378906,63.40556335449221,71.7399978637695,73.2099990844727,3569200,2015-04-21
14249426,D,72.3399963378906,72.5199966430664,63.783748626709006,71.9300003051758,72.6699981689453,2774200,2015-04-22
14249436,D,72.5800018310547,73.1999969482422,64.3818435668945,72.38999938964841,73.4599990844727,2067300,2015-04-23
14249446,D,73.0500030517578,73.5400009155273,64.6808700561523,72.9700012207031,74.3399963378906,2868100,2015-04-24
14249456,D,73.6800003051758,72.5699996948242,63.827732086181605,72.0199966430664,73.9000015258789,2022500,2015-04-27
14249466,D,72.1999969482422,72.7399978637695,63.9772605895996,71.5699996948242,72.7600021362305,2206900,2015-04-28
14249476,D,72.11000061035159,72.3000030517578,63.590274810790994,71.6999969482422,72.5100021362305,2126100,2015-04-29
14249486,D,72.0800018310547,71.6800003051758,63.044960021972706,70.9700012207031,72.19000244140621,2837300,2015-04-30
14249496,D,71.8000030517578,71.6999969482422,63.062538146972706,70.8499984741211,72.0899963378906,2282600,2015-05-01
14249506,D,71.4499969482422,71.7600021362305,63.1153144836426,71.4499969482422,72.5699996948242,2210900,2015-05-04
14249520,D,71.6500015258789,70.8199996948242,62.2885513305664,70.1399993896484,71.75,3344900,2015-05-05
14249530,D,70.8300018310547,70.7099990844727,62.191810607910206,70.0699996948242,71.2399978637695,3461700,2015-05-06
14249542,D,71.0199966430664,70.9300003051758,62.3853034973145,70.7900009155273,71.5299987792969,2107900,2015-05-07
14249552,D,71.7399978637695,71.7900009155273,63.1417083740234,71.5800018310547,72.3300018310547,1927800,2015-05-08
14249563,D,71.75,71.0100021362305,62.4556732177734,70.9899978637695,72.2200012207031,1772800,2015-05-11
14249575,D,70.55999755859379,71.0899963378906,62.526031494140604,70.26999664306639,71.30999755859379,2253800,2015-05-12
14249586,D,71.0899963378906,70.9000015258789,62.358924865722706,70.6500015258789,72.0899963378906,2544400,2015-05-13
14249597,D,71.3399963378906,71.5999984741211,62.9745903015137,71.2300033569336,71.7600021362305,1722800,2015-05-14
14249609,D,71.7099990844727,72.19000244140621,63.4935111999512,71.5999984741211,72.379997253418,1714100,2015-05-15
14249620,D,71.8499984741211,72.2600021362305,63.5550765991211,71.8000030517578,72.4199981689453,1394600,2015-05-18
14249630,D,71.86000061035159,72.19000244140621,63.4935111999512,71.7699966430664,72.4700012207031,1792200,2015-05-19
14249640,D,72.1500015258789,71.88999938964841,63.2296562194824,71.7600021362305,72.4199981689453,2738100,2015-05-20
14249650,D,72.0699996948242,72.0199966430664,63.343990325927706,71.6600036621094,72.44000244140621,3154200,2015-05-21
14249660,D,71.8000030517578,71.9700012207031,63.300018310546896,71.5500030517578,72.120002746582,1415300,2015-05-22
14249670,D,71.8199996948242,71.5100021362305,62.8954467773438,70.9700012207031,71.9899978637695,2563900,2015-05-26
14249680,D,70.879997253418,70.8300018310547,62.866580963134794,70.5800018310547,71.05999755859379,2620000,2015-05-27
14249691,D,70.8000030517578,70.9700012207031,62.990840911865206,70.5800018310547,71.2200012207031,1899700,2015-05-28
14249702,D,71.11000061035159,70.5199966430664,62.591438293457,70.30999755859379,71.129997253418,3582000,2015-05-29
14249712,D,70.5999984741211,70.5,62.5736808776855,70.3199996948242,70.9100036621094,1769100,2015-06-01
14249722,D,70.15000152587889,69.58999633789061,61.7660026550293,68.83999633789061,70.1800003051758,2994900,2015-06-02
14249732,D,69.58999633789061,68.4300003051758,60.736419677734396,68.02999877929689,69.6800003051758,3376100,2015-06-03
14249743,D,68.2600021362305,67.879997253418,60.2482490539551,67.76999664306639,68.8000030517578,3238400,2015-06-04
14249753,D,67.2900009155273,67.1399993896484,59.5914497375488,66.72000122070311,67.44000244140621,3602300,2015-06-05
14249763,D,67.0800018310547,66.9300003051758,59.4050636291504,66.80999755859379,67.370002746582,3403600,2015-06-08
14249773,D,66.8600006103516,66.8300018310547,59.316310882568395,66.72000122070311,67.1399993896484,2792700,2015-06-09
14249783,D,67.120002746582,66.84999847412111,59.3340530395508,66.75,67.1999969482422,2968300,2015-06-10
14249794,D,67.3000030517578,67.26999664306639,59.7068367004395,66.90000152587889,67.4499969482422,2135500,2015-06-11
14249804,D,66.9300003051758,66.8000030517578,59.289676666259794,66.7600021362305,67.379997253418,3758700,2015-06-12
14249814,D,66.76999664306639,67.09999847412111,59.555946350097706,66.59999847412111,67.34999847412111,2489700,2015-06-15
14249824,D,66.9599990844727,67.370002746582,59.795589447021506,66.6800003051758,67.4199981689453,1697900,2015-06-16
14249834,D,67.3600006103516,68.0,60.354763031005895,67.25,68.15000152587889,2737200,2015-06-17
14249844,D,68.01999664306639,68.84999847412111,61.1091918945312,67.8600006103516,68.9300003051758,3381700,2015-06-18
14249854,D,68.879997253418,68.0500030517578,60.399143218994105,67.98000335693361,69.1399993896484,3985500,2015-06-19
14249864,D,68.66000366210939,68.2600021362305,60.5855369567871,67.8899993896484,68.73000335693361,2494900,2015-06-22
14249874,D,68.2099990844727,67.55999755859379,59.964225769043,67.26999664306639,68.26999664306639,3510900,2015-06-23
14249884,D,67.5,67.65000152587889,60.0441093444824,67.34999847412111,67.84999847412111,3154000,2015-06-24
14249894,D,67.620002746582,67.0400009155273,59.5027008056641,67.0400009155273,67.8300018310547,2670000,2015-06-25
14249904,D,67.0,67.26999664306639,59.7068367004395,66.5800018310547,67.3600006103516,1928400,2015-06-26
14249914,D,67.1999969482422,67.2900009155273,59.7245903015137,67.19000244140621,68.1399993896484,2939000,2015-06-29
14249924,D,67.4899978637695,66.870002746582,59.351810455322294,66.51999664306639,67.4899978637695,3367600,2015-06-30
14249934,D,67.19000244140621,67.0699996948242,59.5293312072754,66.65000152587889,67.3000030517578,2747400,2015-07-01
14249944,D,67.4199981689453,67.90000152587889,60.2660026550293,67.41000366210939,68.0500030517578,2274400,2015-07-02
14249954,D,67.73000335693361,67.84999847412111,60.2216186523438,67.25,68.09999847412111,3191500,2015-07-06
14249964,D,68.26999664306639,69.3300018310547,61.5352363586426,68.0800018310547,69.6399993896484,3035700,2015-07-07
14249974,D,69.05999755859379,69.4300003051758,61.6239814758301,68.9300003051758,69.65000152587889,3279100,2015-07-08
14249984,D,69.6399993896484,68.65000152587889,60.9316749572754,68.34999847412111,69.75,3031600,2015-07-09
14249994,D,68.8199996948242,68.9599990844727,61.2068367004395,68.4300003051758,69.4899978637695,1849900,2015-07-10
14250004,D,69.0,69.08999633789061,61.3222160339355,68.55999755859379,69.4300003051758,2154500,2015-07-13
14250014,D,69.01999664306639,69.1999969482422,61.419837951660206,68.90000152587889,69.4300003051758,1746500,2015-07-14
14250025,D,69.02999877929689,69.51999664306639,61.703861236572294,68.80999755859379,69.55999755859379,1607700,2015-07-15
14250035,D,69.5800018310547,70.1800003051758,62.2896842956543,69.44000244140621,70.3300018310547,2100200,2015-07-16
14250046,D,69.91000366210939,69.65000152587889,61.8192558288574,69.5100021362305,70.19000244140621,2048800,2015-07-17
14250056,D,69.55999755859379,69.2900009155273,61.4997329711914,68.90000152587889,69.629997253418,1237800,2015-07-20
14250066,D,69.120002746582,68.76999664306639,61.0381851196289,68.4199981689453,69.3199996948242,2424400,2015-07-21
14250076,D,68.6999969482422,68.73000335693361,61.0026931762695,68.65000152587889,69.3899993896484,2236600,2015-07-22
14250088,D,68.52999877929689,68.23000335693361,60.5589179992676,67.5800018310547,68.7399978637695,2395500,2015-07-23
14250098,D,68.2099990844727,68.58999633789061,60.8784294128418,67.98000335693361,68.76999664306639,2364000,2015-07-24
14250125,D,68.59999847412111,69.1399993896484,61.3665885925293,68.59999847412111,69.5100021362305,2191200,2015-07-27
14250126,D,69.0800018310547,70.129997253418,62.2452735900879,68.83999633789061,70.1399993896484,2792200,2015-07-28
14250136,D,70.0400009155273,70.6500015258789,62.706825256347706,69.4899978637695,70.7200012207031,2542300,2015-07-29
14250146,D,70.44000244140621,71.0500030517578,63.0618476867676,70.0800018310547,71.1800003051758,1569900,2015-07-30
14250156,D,71.5800018310547,71.6999969482422,63.638763427734396,71.5,72.1699981689453,2190500,2015-07-31
14250166,D,71.9199981689453,71.7200012207031,63.656524658203104,71.2699966430664,72.2300033569336,1749300,2015-08-03
14250176,D,71.4000015258789,70.25,62.3517951965332,69.9199981689453,71.5800018310547,3071300,2015-08-04
14250186,D,70.2600021362305,71.1600036621094,63.1594772338867,70.129997253418,71.69000244140621,2353600,2015-08-05
14250196,D,71.3000030517578,71.3300018310547,63.3103637695312,70.19000244140621,71.3499984741211,2158800,2015-08-06
14250206,D,71.2099990844727,72.3399963378906,64.20681762695311,70.9100036621094,72.7600021362305,1934100,2015-08-07
14250215,D,72.4100036621094,72.3499984741211,64.215690612793,72.0400009155273,72.7200012207031,1535600,2015-08-10
14250225,D,72.2200012207031,72.6800003051758,64.5085830688477,71.9499969482422,73.11000061035159,1750400,2015-08-11
14250233,D,72.55999755859379,74.4899978637695,66.11508178710939,72.44000244140621,74.5299987792969,3378500,2015-08-12
14250243,D,74.11000061035159,74.9300003051758,66.5056304931641,73.5699996948242,75.0,3018100,2015-08-13
14250251,D,74.5199966430664,75.370002746582,66.89614868164061,74.1800003051758,75.4300003051758,1730100,2015-08-14
14250261,D,75.5,76.2200012207031,67.6505813598633,75.2300033569336,76.4800033569336,2882700,2015-08-17
14250269,D,76.05999755859379,76.0899963378906,67.5352020263672,75.80999755859379,76.4000015258789,1795400,2015-08-18
14250279,D,75.7099990844727,76.13999938964841,67.5795745849609,75.5400009155273,76.5199966430664,2020600,2015-08-19
14250287,D,75.7200012207031,75.7200012207031,67.20680999755861,75.4000015258789,76.5899963378906,4340200,2015-08-20
14250297,D,75.4100036621094,75.4000015258789,66.9227828979492,74.9300003051758,75.8199996948242,6976200,2015-08-21
14250306,D,73.75,72.36000061035159,64.2245559692383,72.0299987792969,75.0,6395900,2015-08-24
14250316,D,73.5199966430664,70.23000335693361,62.3340530395508,70.1100006103516,73.7300033569336,5231300,2015-08-25
14250324,D,70.379997253418,70.620002746582,63.263465881347706,68.8300018310547,70.8000030517578,3872900,2015-08-26
14250334,D,70.9599990844727,71.2099990844727,63.7920112609863,70.2399978637695,71.3000030517578,3314300,2015-08-27
14250342,D,71.1699981689453,71.0299987792969,63.6307487487793,70.120002746582,71.3300018310547,2427200,2015-08-28
14250352,D,70.88999938964841,69.75,62.484092712402294,69.30999755859379,70.88999938964841,3322100,2015-08-31
14250360,D,68.879997253418,67.8000030517578,60.737232208252,67.34999847412111,69.26999664306639,2851100,2015-09-01
14250370,D,68.47000122070311,68.08999633789061,60.9970169067383,67.4300003051758,68.5100021362305,2655100,2015-09-02
14250378,D,68.33999633789061,68.08999633789061,60.9970169067383,67.8000030517578,68.629997253418,3032000,2015-09-03
14250388,D,67.69000244140621,67.23000335693361,60.2266120910645,66.90000152587889,68.0,2843000,2015-09-04
14250396,D,67.94000244140621,68.72000122070311,61.561393737793,67.8899993896484,68.7600021362305,3519000,2015-09-08
14250406,D,69.02999877929689,68.0800018310547,60.988063812255895,67.9599990844727,69.30999755859379,2762300,2015-09-09
14250414,D,67.9899978637695,67.26999664306639,60.2624359130859,67.1100006103516,68.26999664306639,2461700,2015-09-10
14250424,D,67.1399993896484,67.7600021362305,60.7013931274414,66.9599990844727,67.76999664306639,2184900,2015-09-11
14250433,D,67.8899993896484,68.1100006103516,61.0149345397949,67.66000366210939,68.370002746582,2242000,2015-09-14
14250443,D,68.19000244140621,68.0800018310547,60.988063812255895,67.6399993896484,68.3300018310547,1863800,2015-09-15
14250452,D,68.25,68.75,61.588249206543,68.05999755859379,68.98000335693361,2114900,2015-09-16
14250462,D,68.6800003051758,69.4599990844727,62.224300384521506,68.58999633789061,70.27999877929689,1914300,2015-09-17
14250470,D,69.05999755859379,69.0,61.8122215270996,68.84999847412111,70.16000366210939,3509800,2015-09-18
14250480,D,69.1699981689453,69.3199996948242,62.0988922119141,68.870002746582,69.59999847412111,2209300,2015-09-21
14250488,D,69.0,69.0800018310547,61.8838920593262,68.75,69.4599990844727,2504600,2015-09-22
14250498,D,69.0400009155273,69.22000122070311,62.009304046630895,68.870002746582,69.370002746582,1738400,2015-09-23
14250506,D,68.84999847412111,69.4199981689453,62.188472747802706,68.7600021362305,69.55999755859379,2148100,2015-09-24
14250516,D,69.48000335693361,70.05999755859379,62.761802673339794,69.2600021362305,70.69000244140621,2409800,2015-09-25
14250524,D,69.94000244140621,69.4300003051758,62.197425842285206,69.34999847412111,70.38999938964841,2864100,2015-09-28
14250534,D,69.4599990844727,69.2900009155273,62.072017669677706,68.97000122070311,69.73000335693361,2524900,2015-09-29
14250542,D,69.5100021362305,70.379997253418,63.048465728759794,69.379997253418,70.4700012207031,2714500,2015-09-30
14250552,D,70.4499969482422,69.16000366210939,61.9555549621582,68.90000152587889,70.5800018310547,3175100,2015-10-01
14250560,D,69.5100021362305,69.34999847412111,62.125762939453104,68.4599990844727,69.7600021362305,3864800,2015-10-02
14250570,D,69.58999633789061,70.3199996948242,62.994712829589794,69.2399978637695,70.33999633789061,2881900,2015-10-05
14250578,D,70.1699981689453,69.77999877929689,62.5109634399414,69.4499969482422,70.3199996948242,2389900,2015-10-06
14250589,D,69.870002746582,69.77999877929689,62.5109634399414,69.4300003051758,70.01999664306639,1744700,2015-10-07
14250598,D,69.5699996948242,70.7099990844727,63.344089508056605,69.44000244140621,70.8399963378906,1935100,2015-10-08
14250608,D,70.8000030517578,71.0199966430664,63.6217842102051,70.4599990844727,71.1500015258789,2543800,2015-10-09
14250616,D,71.0400009155273,72.0,64.49969482421879,71.0,72.0800018310547,1839900,2015-10-12
14250626,D,71.7399978637695,71.9000015258789,64.41013336181639,71.44000244140621,72.0899963378906,1676100,2015-10-13
14250634,D,71.9199981689453,72.0899963378906,64.5803298950195,71.7099990844727,72.3499984741211,1851800,2015-10-14
14250644,D,72.4199981689453,72.8000030517578,65.2163772583008,71.75,72.9499969482422,2241500,2015-10-15
14250652,D,73.13999938964841,73.13999938964841,65.5209579467773,72.8000030517578,73.4599990844727,2018900,2015-10-16
14250653,D,73.05999755859379,73.370002746582,65.7269973754883,72.4300003051758,73.4000015258789,1898600,2015-10-19
14250663,D,73.13999938964841,73.69000244140621,66.013671875,73.05999755859379,73.7799987792969,2295400,2015-10-20
14250672,D,73.9199981689453,73.9199981689453,66.21970367431639,73.5199966430664,74.3499984741211,2358200,2015-10-21
14250682,D,74.0299987792969,74.4899978637695,66.73031616210939,73.7699966430664,74.879997253418,2089900,2015-10-22
14250690,D,74.3300018310547,73.0800018310547,65.4672164916992,73.0100021362305,74.4700012207031,2154700,2015-10-23
14250700,D,73.2699966430664,72.8399963378906,65.2522125244141,72.2300033569336,73.4000015258789,2048400,2015-10-26
14250708,D,72.69000244140621,72.36000061035159,64.8221969604492,72.1699981689453,73.1699981689453,2262900,2015-10-27
14250718,D,72.4700012207031,71.5199966430664,64.0697021484375,70.7399978637695,72.7399978637695,2160600,2015-10-28
14250727,D,71.2399978637695,70.879997253418,63.4963874816895,70.0,71.3300018310547,2861100,2015-10-29
14250738,D,71.0699996948242,71.4300003051758,63.9890823364258,70.69000244140621,71.6800003051758,2937600,2015-10-30
14250746,D,71.05999755859379,70.7300033569336,63.3620071411133,70.0100021362305,71.7900009155273,3052600,2015-11-02
14250757,D,70.69000244140621,70.7099990844727,63.344089508056605,70.30999755859379,71.4100036621094,2710500,2015-11-03
14250765,D,70.6500015258789,70.5699996948242,63.218677520752,70.4100036621094,71.2799987792969,2375300,2015-11-04
14250775,D,70.379997253418,70.2399978637695,62.9230461120605,70.1800003051758,70.9199981689453,1595400,2015-11-05
14250783,D,69.47000122070311,67.84999847412111,60.782012939453104,67.5800018310547,69.66000366210939,2883200,2015-11-06
14250793,D,67.5500030517578,67.73000335693361,60.67451477050779,67.26999664306639,68.19000244140621,2458900,2015-11-09
14250801,D,67.8000030517578,67.8000030517578,60.737232208252,67.629997253418,68.3199996948242,2067000,2015-11-10
14250811,D,67.879997253418,68.30999755859379,61.1940994262695,67.7900009155273,68.41000366210939,1529400,2015-11-11
14250820,D,68.0400009155273,67.91000366210939,60.83576965332029,67.59999847412111,68.6699981689453,2380600,2015-11-12
14250830,D,67.9499969482422,68.1999969482422,61.095554351806605,67.91000366210939,68.58999633789061,2739100,2015-11-13
14250838,D,68.05999755859379,69.2600021362305,62.045139312744105,68.01999664306639,69.2900009155273,2454700,2015-11-16
14250839,D,69.2099990844727,68.3000030517578,61.1851463317871,68.129997253418,69.98000335693361,2017800,2015-11-17
14250840,D,68.2600021362305,68.48000335693361,61.3463935852051,67.4599990844727,68.5800018310547,2119200,2015-11-18
14250841,D,68.6999969482422,68.8199996948242,61.650970458984396,68.48000335693361,69.23000335693361,1743600,2015-11-19
14250842,D,69.05999755859379,69.0,61.8122215270996,68.66000366210939,69.620002746582,2918200,2015-11-20
14250843,D,68.30999755859379,67.5800018310547,61.1136360168457,67.5,68.59999847412111,2079100,2015-11-23
14250855,D,67.379997253418,67.48000335693361,61.0232009887695,66.84999847412111,67.620002746582,1997900,2015-11-24
14250856,D,67.41000366210939,67.22000122070311,60.788082122802706,67.0100021362305,67.58999633789061,1364600,2015-11-25
14250857,D,67.2099990844727,67.370002746582,60.9237251281738,67.1699981689453,67.77999877929689,824800,2015-11-27
14250858,D,67.40000152587889,67.370002746582,60.9237251281738,67.2900009155273,67.8300018310547,2550000,2015-11-30
14250859,D,67.870002746582,67.41000366210939,60.9599075317383,66.7600021362305,68.0400009155273,2284800,2015-12-01
14250860,D,67.27999877929689,66.1399993896484,59.8114166259766,66.0500030517578,67.3600006103516,2609200,2015-12-02
14250861,D,65.9599990844727,65.1699981689453,58.934242248535206,65.0400009155273,66.02999877929689,2918600,2015-12-03
14250862,D,65.5400009155273,66.59999847412111,60.2274055480957,65.44000244140621,66.69000244140621,2827400,2015-12-04
14250863,D,66.3600006103516,66.1399993896484,59.8114166259766,66.0100021362305,66.59999847412111,2880900,2015-12-07
14250864,D,66.0,65.91000366210939,59.603431701660206,65.16000366210939,66.1800003051758,2956900,2015-12-08
14250865,D,65.65000152587889,66.19000244140621,59.8566474914551,65.40000152587889,66.72000122070311,2855200,2015-12-09
14250866,D,66.129997253418,65.1999969482422,58.9613647460938,65.1399993896484,66.2399978637695,1958900,2015-12-10
14250867,D,64.9199981689453,64.8899993896484,58.681026458740206,64.5400009155273,65.44000244140621,2105200,2015-12-11
14250868,D,64.80999755859379,65.40000152587889,59.142238616943395,64.5500030517578,65.44000244140621,2612500,2015-12-14
14250869,D,65.59999847412111,66.15000152587889,59.820472717285206,65.4199981689453,66.69000244140621,2284400,2015-12-15
14250870,D,66.5,67.5699996948242,61.1045989990234,66.30999755859379,67.629997253418,3215300,2015-12-16
14250919,D,67.5,67.5400009155273,61.077465057373,67.09999847412111,67.9599990844727,2785500,2015-12-17
14250952,D,67.22000122070311,66.90000152587889,60.49870300292971,66.52999877929689,67.4499969482422,4921400,2015-12-18
14250960,D,67.379997253418,66.55999755859379,60.19123840332029,66.1800003051758,67.44000244140621,2448800,2015-12-21
14250971,D,66.870002746582,67.1399993896484,60.7157402038574,66.16000366210939,67.23000335693361,1932800,2015-12-22
14250979,D,67.1999969482422,68.0800018310547,61.565803527832,67.1999969482422,68.1399993896484,2334700,2015-12-23
14250990,D,67.9599990844727,67.76999664306639,61.2854499816895,67.65000152587889,68.0400009155273,738400,2015-12-24
14250998,D,67.66000366210939,67.8600006103516,61.3668441772461,67.4199981689453,68.0,1807900,2015-12-28
14251009,D,68.0100021362305,68.6399993896484,62.072208404540994,67.9499969482422,68.870002746582,1960500,2015-12-29
14251017,D,68.5400009155273,68.6800003051758,62.1083831787109,68.34999847412111,68.9199981689453,1634900,2015-12-30
14251027,D,68.55999755859379,67.6399993896484,61.16789245605471,67.01999664306639,68.59999847412111,2119200,2015-12-31
14251035,D,66.97000122070311,67.47000122070311,61.0141677856445,66.3300018310547,67.5100021362305,3896700,2016-01-04
14251046,D,67.2900009155273,68.0500030517578,61.538669586181605,66.25,68.120002746582,2476000,2016-01-05
14251054,D,67.5699996948242,68.47000122070311,61.9184799194336,67.3300018310547,68.870002746582,2670700,2016-01-06
14251064,D,67.6699981689453,68.5100021362305,61.9546432495117,67.59999847412111,68.7099990844727,4011800,2016-01-07
14251072,D,68.48000335693361,69.51999664306639,62.868003845214794,68.379997253418,69.90000152587889,5391500,2016-01-08
14251082,D,69.58999633789061,69.41000366210939,62.7685356140137,69.30999755859379,69.9300003051758,3989700,2016-01-11
14251090,D,69.6399993896484,68.90000152587889,62.307334899902294,68.5100021362305,69.879997253418,4318300,2016-01-12
14251091,D,69.0400009155273,69.01999664306639,62.415855407714794,68.8600006103516,69.4899978637695,3646500,2016-01-13
14251101,D,68.97000122070311,69.6699981689453,63.0036544799805,68.84999847412111,69.97000122070311,3265900,2016-01-14
14251109,D,69.0,68.879997253418,62.2892456054688,68.1800003051758,69.44000244140621,3964200,2016-01-15
14251121,D,69.23000335693361,69.90000152587889,63.2116584777832,68.69000244140621,70.05999755859379,3037000,2016-01-19
14251131,D,69.4499969482422,68.73000335693361,62.1536064147949,67.94000244140621,69.75,3773800,2016-01-20
14251157,D,69.0500030517578,68.4899978637695,61.93656921386721,67.97000122070311,69.0500030517578,2268700,2016-01-21
14251166,D,69.1399993896484,69.7600021362305,63.0850486755371,68.51999664306639,69.8300018310547,2118000,2016-01-22
14251184,D,69.7900009155273,69.55999755859379,62.904182434082,69.26999664306639,70.1399993896484,2287300,2016-01-25
14251192,D,69.5800018310547,69.72000122070311,63.0488700866699,69.44000244140621,70.55999755859379,2075500,2016-01-26
14251203,D,69.6100006103516,69.7099990844727,63.039825439453104,69.1699981689453,70.120002746582,2320200,2016-01-27
14251211,D,69.6999969482422,70.94000244140621,64.1521377563477,69.4300003051758,71.5100021362305,3579600,2016-01-28
14251221,D,71.4800033569336,72.1699981689453,65.26443481445311,71.0299987792969,72.1999969482422,3498500,2016-01-29
14251230,D,70.26999664306639,70.1800003051758,63.464870452880895,69.94000244140621,71.4199981689453,10798600,2016-02-01
14251240,D,69.2399978637695,69.8899993896484,63.202610015869105,68.620002746582,70.1100006103516,6008700,2016-02-02
14251248,D,70.0500030517578,69.9300003051758,63.2387886047363,69.27999877929689,70.4199981689453,5527100,2016-02-03
14251258,D,70.0699996948242,70.4300003051758,63.6909370422363,69.620002746582,71.1600036621094,3969000,2016-02-04
14251266,D,70.33999633789061,71.05999755859379,64.2606582641602,69.69000244140621,71.4300003051758,3758900,2016-02-05
14251276,D,70.129997253418,69.4899978637695,62.84086608886721,69.0800018310547,70.88999938964841,5684700,2016-02-08
14251284,D,69.4899978637695,70.4300003051758,63.6909370422363,69.16000366210939,70.870002746582,3744300,2016-02-09
14251294,D,70.1800003051758,70.2900009155273,63.564334869384794,69.0500030517578,70.7399978637695,3266600,2016-02-10
14251302,D,69.9499969482422,69.2099990844727,62.5876808166504,69.1100006103516,70.4899978637695,2868700,2016-02-11
14251312,D,69.33999633789061,68.94000244140621,62.343509674072294,68.4499969482422,69.6399993896484,2942500,2016-02-12
14251325,D,69.4899978637695,69.15000152587889,62.533416748046896,68.55999755859379,69.55999755859379,2385500,2016-02-16
14251360,D,69.4599990844727,69.76999664306639,63.0940818786621,68.8000030517578,69.8300018310547,2584000,2016-02-17
14251369,D,69.30999755859379,69.75,63.076000213623,69.19000244140621,70.2099990844727,6190800,2016-02-18
14251379,D,69.5500030517578,69.4599990844727,62.8137435913086,69.0,69.76999664306639,4156600,2016-02-19
14251387,D,69.77999877929689,70.7399978637695,63.971275329589794,69.620002746582,70.7799987792969,2529900,2016-02-22
14251442,D,70.38999938964841,70.879997253418,64.09787750244139,70.26999664306639,71.19000244140621,2559200,2016-02-23
14251450,D,70.9199981689453,71.2200012207031,64.4053421020508,70.3300018310547,71.3000030517578,3482700,2016-02-24
14251546,D,71.3399963378906,71.8300018310547,64.9569778442383,71.1600036621094,71.870002746582,2098800,2016-02-25
14251554,D,71.5999984741211,70.01999664306639,63.3201675415039,69.91000366210939,71.75,2800500,2016-02-26
14251567,D,70.0100021362305,69.9199981689453,63.229740142822294,69.84999847412111,70.7300033569336,3622000,2016-02-29
14251575,D,70.3300018310547,69.9499969482422,63.256866455078104,69.55999755859379,70.4199981689453,2510000,2016-03-01
14251585,D,69.05999755859379,68.76999664306639,62.818389892578104,67.5800018310547,69.25,4450600,2016-03-02
14251593,D,68.8899993896484,69.9899978637695,63.9328117370605,68.2900009155273,70.01999664306639,3723700,2016-03-03
14251612,D,69.5400009155273,70.620002746582,64.50830078125,69.3199996948242,70.7799987792969,2772700,2016-03-04
14251620,D,70.25,71.2200012207031,65.05637359619139,70.129997253418,71.379997253418,2382500,2016-03-07
14251637,D,71.0899963378906,71.7200012207031,65.5131072998047,70.7099990844727,71.7799987792969,3067600,2016-03-08
14251651,D,71.6999969482422,72.0999984741211,65.860221862793,71.5999984741211,72.3300018310547,2312400,2016-03-09
14251677,D,72.120002746582,71.5899963378906,65.3943405151367,71.0699996948242,72.2399978637695,2179900,2016-03-10
14251707,D,71.8000030517578,72.2200012207031,65.96982574462889,71.61000061035159,72.3399963378906,1880100,2016-03-11
14251718,D,72.3399963378906,72.3399963378906,66.07943725585939,71.9100036621094,72.4700012207031,1862600,2016-03-14
14251727,D,72.1600036621094,72.9899978637695,66.67318725585939,72.120002746582,73.0699996948242,2094800,2016-03-15
14251737,D,72.75,73.55999755859379,67.1938552856445,72.0899963378906,73.8000030517578,2903000,2016-03-16
14251745,D,73.7600021362305,74.5500030517578,68.0981826782227,73.36000061035159,74.9000015258789,3286500,2016-03-17
14251756,D,74.61000061035159,73.4599990844727,67.10251617431639,73.4499969482422,74.88999938964841,4697600,2016-03-18
14251764,D,73.6500015258789,73.629997253418,67.2577972412109,72.5999984741211,73.80999755859379,2450600,2016-03-21
14251774,D,73.7099990844727,72.9599990844727,66.64578247070311,72.9199981689453,73.7399978637695,3009400,2016-03-22
14251782,D,73.1800003051758,73.5100021362305,67.148193359375,72.629997253418,73.75,1828700,2016-03-23
14251798,D,73.5100021362305,73.4199981689453,67.06597900390621,73.0299987792969,73.5899963378906,1594600,2016-03-24
14251806,D,73.63999938964841,73.1500015258789,66.8193511962891,73.0,74.0400009155273,1977000,2016-03-28
14251816,D,73.4700012207031,74.63999938964841,68.1804046630859,73.0899963378906,74.6999969482422,2742700,2016-03-29
14251824,D,74.7900009155273,74.75,68.2808685302734,74.0999984741211,74.9000015258789,1958600,2016-03-30
14251840,D,74.5400009155273,75.120002746582,68.61886596679689,74.30999755859379,75.1800003051758,2717800,2016-03-31
14251848,D,74.7799987792969,75.38999938964841,68.865478515625,74.36000061035159,75.5,2347700,2016-04-01
14251858,D,75.2200012207031,74.5800018310547,68.12558746337889,74.2900009155273,75.2200012207031,2013700,2016-04-04
14251866,D,73.5999984741211,73.0500030517578,66.72800445556639,72.13999938964841,73.7399978637695,7976200,2016-04-05
14251876,D,72.88999938964841,72.75,66.45395660400389,72.3399963378906,73.2300033569336,4222100,2016-04-06
14251884,D,72.620002746582,72.9700012207031,66.65493011474611,72.5400009155273,73.2300033569336,2336400,2016-04-07
14251892,D,73.2399978637695,73.0400009155273,66.718864440918,72.8300018310547,73.5,2416600,2016-04-08
14251900,D,73.0999984741211,72.870002746582,66.56357574462889,72.8300018310547,73.5899963378906,2627600,2016-04-11
14251908,D,72.9100036621094,73.2200012207031,66.88330078125,72.7799987792969,73.3300018310547,2752000,2016-04-12
14251916,D,73.44000244140621,72.8000030517578,66.4996337890625,72.4100036621094,73.44000244140621,1790700,2016-04-13
14251972,D,72.8000030517578,72.6999969482422,66.4082794189453,72.4100036621094,73.0999984741211,1601100,2016-04-14
14251980,D,72.870002746582,73.0500030517578,66.72800445556639,72.5800018310547,73.2600021362305,2405200,2016-04-15
14251991,D,73.0500030517578,72.870002746582,66.56357574462889,72.1600036621094,73.1600036621094,2644800,2016-04-18
14251999,D,72.7799987792969,72.8199996948242,66.5179061889648,72.4800033569336,73.1500015258789,2431100,2016-04-19
14252018,D,72.9800033569336,71.0800018310547,64.92849731445311,71.0199966430664,73.0899963378906,2552000,2016-04-20
14252026,D,71.0800018310547,69.5100021362305,63.4943695068359,69.27999877929689,71.0800018310547,3555300,2016-04-21
14252034,D,69.59999847412111,70.05999755859379,63.996768951415994,69.59999847412111,70.25,2552400,2016-04-22
14252042,D,70.0699996948242,70.1999969482422,64.1246490478516,69.77999877929689,70.33999633789061,2588500,2016-04-25
14252050,D,70.25,69.90000152587889,63.850616455078104,69.69000244140621,70.5699996948242,2322600,2016-04-26
14252058,D,70.1399993896484,70.75,64.627067565918,69.94000244140621,71.2200012207031,3244300,2016-04-27
14252066,D,70.22000122070311,71.0299987792969,64.8828125,70.0500030517578,71.0899963378906,2678200,2016-04-28
14252074,D,70.5999984741211,71.4700012207031,65.2847442626953,70.09999847412111,71.4700012207031,4506100,2016-04-29
14252082,D,71.6999969482422,72.0999984741211,65.860221862793,71.5,72.4700012207031,3025200,2016-05-02
14252090,D,71.870002746582,71.94000244140621,65.7140655517578,71.4199981689453,72.3000030517578,3919300,2016-05-03
14252098,D,70.4100036621094,72.7799987792969,66.4813690185547,70.4100036621094,73.0199966430664,3191100,2016-05-04
14252109,D,72.69000244140621,71.9899978637695,65.7597274780273,71.63999938964841,73.3399963378906,2697800,2016-05-05
14252130,D,72.11000061035159,71.2699966430664,65.1020355224609,70.5699996948242,72.2200012207031,2379900,2016-05-06
14252131,D,71.4100036621094,71.4800033569336,65.29388427734379,71.0199966430664,71.63999938964841,2059600,2016-05-09
14252226,D,71.7300033569336,71.5199966430664,65.3304061889648,71.379997253418,71.870002746582,1702100,2016-05-10
14252260,D,71.629997253418,71.7200012207031,65.5131072998047,70.870002746582,71.86000061035159,1837300,2016-05-11
14252268,D,71.63999938964841,72.2799987792969,66.02463531494139,71.4199981689453,72.38999938964841,2509700,2016-05-12
14252292,D,72.2600021362305,72.0899963378906,65.85107421875,71.620002746582,72.44000244140621,1723500,2016-05-13
14252301,D,72.0100021362305,72.2200012207031,65.96982574462889,71.5199966430664,72.3499984741211,1513700,2016-05-16
14252324,D,72.0400009155273,71.0800018310547,64.92849731445311,70.75,72.2699966430664,2309800,2016-05-17
14252332,D,70.5999984741211,69.6100006103516,63.5857124328613,69.30999755859379,71.2399978637695,3451200,2016-05-18
14252340,D,69.26999664306639,70.879997253418,64.7458038330078,68.7099990844727,70.9000015258789,2902100,2016-05-19
14252348,D,71.1500015258789,70.9800033569336,64.837158203125,70.6600036621094,71.1999969482422,2155800,2016-05-20
14252356,D,71.120002746582,70.1399993896484,64.06984710693361,70.08999633789061,71.1999969482422,2013900,2016-05-23
14252364,D,70.3000030517578,70.7799987792969,64.65444946289061,70.0800018310547,70.9300003051758,1974200,2016-05-24
14252372,D,70.620002746582,70.94000244140621,64.80059814453121,70.22000122070311,71.0400009155273,2055000,2016-05-25
14252380,D,70.7900009155273,71.5699996948242,65.3760833740234,70.75,71.7200012207031,1833400,2016-05-26
14252388,D,71.6800003051758,71.61000061035159,65.41262817382811,71.1999969482422,71.7799987792969,1373100,2016-05-27
14252389,D,71.620002746582,72.25,65.9972305297852,71.3499984741211,72.3300018310547,3876800,2016-05-31
14252398,D,71.1999969482422,71.6800003051758,66.1171417236328,71.0999984741211,71.8300018310547,1929100,2016-06-01
14252406,D,71.4499969482422,71.4899978637695,65.94189453125,70.75,71.6800003051758,2248900,2016-06-02
14252417,D,72.1699981689453,72.9700012207031,67.30702972412111,72.0100021362305,73.30999755859379,3157600,2016-06-03
14252425,D,72.88999938964841,72.7699966430664,67.1225509643555,72.370002746582,73.2200012207031,2032600,2016-06-06
14252433,D,72.7399978637695,72.5,66.87350463867189,72.379997253418,73.30999755859379,1911600,2016-06-07
14252441,D,72.55999755859379,72.9499969482422,67.2885894775391,72.4100036621094,73.2300033569336,1620300,2016-06-08
14252449,D,72.8499984741211,73.7399978637695,68.0172653198242,72.5400009155273,73.8499984741211,1709000,2016-06-09
14252457,D,73.7300033569336,73.3499984741211,67.6575393676758,73.0699996948242,73.9899978637695,2357200,2016-06-10
14252465,D,73.5,73.38999938964841,67.69442749023439,73.3000030517578,73.9599990844727,3182900,2016-06-13
14252473,D,73.38999938964841,73.6699981689453,67.9527053833008,73.19000244140621,73.88999938964841,5939400,2016-06-14
14252481,D,73.69000244140621,73.6800003051758,67.96193695068361,73.2399978637695,74.129997253418,3277300,2016-06-15
14252490,D,73.1699981689453,73.88999938964841,68.155647277832,73.0100021362305,74.13999938964841,3174000,2016-06-16
14252498,D,73.8399963378906,74.120002746582,68.36777496337889,73.5800018310547,74.4000015258789,7978000,2016-06-17
14252506,D,74.4700012207031,74.36000061035159,68.5891571044922,73.6500015258789,74.6699981689453,4934300,2016-06-20
14252514,D,74.2600021362305,74.3499984741211,68.5799407958984,73.8000030517578,74.5800018310547,2809700,2016-06-21
14252522,D,74.30999755859379,73.7900009155273,68.06338500976561,73.75,74.44000244140621,1795600,2016-06-22
14252530,D,73.8000030517578,73.9499969482422,68.2109756469727,73.4700012207031,73.9499969482422,1412600,2016-06-23
14252538,D,73.5299987792969,74.1699981689453,68.4139022827148,73.379997253418,74.8300018310547,4332900,2016-06-24
14252546,D,73.9000015258789,74.9499969482422,69.1333541870117,73.8000030517578,75.0999984741211,3362700,2016-06-27
14252554,D,74.7699966430664,76.44000244140621,70.5077362060547,74.3199996948242,76.44000244140621,5903800,2016-06-28
14252562,D,76.63999938964841,76.4100036621094,70.4800720214844,76.0199966430664,76.8000030517578,2847700,2016-06-29
14252570,D,76.6500015258789,77.9300003051758,71.88209533691409,76.4700012207031,77.9300003051758,3348200,2016-06-30
14252578,D,78.05999755859379,77.86000061035159,71.8175354003906,77.0699996948242,78.1800003051758,2212300,2016-07-01
14252587,D,78.0,78.4499969482422,72.3617477416992,77.870002746582,78.5199966430664,2470200,2016-07-05
14252596,D,78.4499969482422,78.9199981689453,72.7952651977539,78.0400009155273,78.9700012207031,2949100,2016-07-06
14252604,D,78.7200012207031,77.4700012207031,71.4578018188477,77.25,78.9199981689453,2572000,2016-07-07
14252643,D,77.4100036621094,78.19000244140621,72.12193298339841,76.5400009155273,78.1999969482422,2259200,2016-07-08
14252652,D,77.69000244140621,78.1500015258789,72.0850296020508,77.2200012207031,78.2699966430664,1831500,2016-07-11
14252660,D,77.6699981689453,77.4100036621094,71.40245056152341,77.2300033569336,78.0100021362305,2060400,2016-07-12
14252668,D,77.9000015258789,77.7699966430664,71.73451232910159,77.4700012207031,77.9800033569336,2352000,2016-07-13
14252676,D,77.3000030517578,77.13999938964841,71.1534118652344,76.9599990844727,77.4899978637695,2250900,2016-07-14
14252684,D,77.3000030517578,77.5299987792969,71.5131301879883,77.13999938964841,77.7399978637695,1926000,2016-07-15
14252692,D,77.6600036621094,77.8199996948242,71.780647277832,77.5199966430664,78.05999755859379,1521400,2016-07-18
14252700,D,77.7799987792969,77.8300018310547,71.7898712158203,77.36000061035159,78.0899963378906,1495200,2016-07-19
14252708,D,77.7200012207031,77.3000030517578,71.30101013183591,77.2300033569336,77.9899978637695,1408500,2016-07-20
14252716,D,76.9499969482422,77.5999984741211,71.5777053833008,76.7200012207031,77.6600036621094,1618600,2016-07-21
14252724,D,77.61000061035159,78.5100021362305,72.4170837402344,77.4899978637695,78.5999984741211,1580500,2016-07-22
14252732,D,78.2600021362305,78.61000061035159,72.5093231201172,77.9899978637695,78.620002746582,1694100,2016-07-25
14252740,D,78.5400009155273,77.5299987792969,71.5131301879883,77.3000030517578,78.620002746582,2102000,2016-07-26
14252748,D,77.4800033569336,76.5199966430664,70.58152770996091,76.0999984741211,77.4800033569336,2864900,2016-07-27
14252756,D,76.5199966430664,76.94000244140621,70.96893310546879,76.25,77.1699981689453,2360800,2016-07-28
14252764,D,76.7900009155273,78.0199966430664,71.96510314941409,76.7799987792969,78.2200012207031,3357600,2016-07-29
14252772,D,77.7300033569336,77.5800018310547,71.55926513671879,77.4499969482422,78.0800018310547,1771400,2016-08-01
14252780,D,77.3199996948242,77.370002746582,71.3655700683594,76.629997253418,77.5800018310547,2628300,2016-08-02
14252788,D,77.5699996948242,76.75,70.7936782836914,76.38999938964841,77.9300003051758,2761900,2016-08-03
14252789,D,76.75,76.4199981689453,70.4892807006836,76.30999755859379,77.3300018310547,2219700,2016-08-04
14252797,D,76.3000030517578,75.370002746582,69.5207672119141,75.2399978637695,76.3000030517578,2437400,2016-08-05
14252806,D,75.0699996948242,74.9899978637695,69.17026519775389,74.620002746582,75.6500015258789,2588700,2016-08-08
14252814,D,74.69000244140621,74.7300033569336,68.93044281005861,74.0999984741211,75.0100021362305,7438500,2016-08-09
14252815,D,75.0100021362305,75.0100021362305,69.1887130737305,74.7200012207031,75.36000061035159,5318400,2016-08-10
14252823,D,75.0899963378906,75.4000015258789,69.54843902587889,74.879997253418,75.55999755859379,3473000,2016-08-11
14252832,D,75.7799987792969,75.9599990844727,70.0649871826172,75.5100021362305,76.63999938964841,3452700,2016-08-12
14252833,D,75.80999755859379,75.0,69.1794891357422,74.9800033569336,76.3300018310547,1978700,2016-08-15
14252841,D,74.88999938964841,74.6800003051758,68.8843231201172,74.5400009155273,75.0800018310547,4912900,2016-08-16
14252849,D,74.6800003051758,76.6500015258789,70.70143127441409,74.3199996948242,76.6800003051758,4822000,2016-08-17
14252857,D,76.4100036621094,76.86000061035159,70.895133972168,76.13999938964841,76.86000061035159,4116000,2016-08-18
14252865,D,76.4899978637695,75.8000030517578,69.9174118041992,75.30999755859379,76.629997253418,3134500,2016-08-19
14252873,D,75.9499969482422,76.2799987792969,70.3601455688477,75.7099990844727,76.5800018310547,2308200,2016-08-22
14252881,D,76.379997253418,75.8300018310547,69.9450836181641,75.8300018310547,76.7799987792969,2095600,2016-08-23
14252889,D,75.5999984741211,76.120002746582,70.2125778198242,75.4300003051758,76.2200012207031,2155400,2016-08-24
14252897,D,76.0199966430664,76.2399978637695,70.3232498168945,75.9000015258789,76.55999755859379,2193300,2016-08-25
14252905,D,76.2699966430664,74.7399978637695,68.93966674804689,74.6600036621094,76.88999938964841,3243700,2016-08-26
14252913,D,75.0899963378906,75.69000244140621,69.81594085693361,75.0400009155273,75.69000244140621,3745700,2016-08-29
14252921,D,75.6500015258789,74.9499969482422,69.1333541870117,74.8399963378906,76.0199966430664,2415500,2016-08-30
14252929,D,73.9899978637695,74.1600036621094,69.04958343505861,73.6800003051758,74.3399963378906,3448800,2016-08-31
14252985,D,74.1800003051758,74.05999755859379,68.9564590454102,73.7799987792969,74.3399963378906,2144200,2016-09-01
14252993,D,74.0500030517578,74.75,69.5989151000977,74.0,75.0899963378906,1794900,2016-09-02
14253085,D,75.2099990844727,75.5,70.2972259521484,74.9700012207031,75.8199996948242,2477400,2016-09-06
14253100,D,75.3199996948242,75.38999938964841,70.1948165893555,75.0500030517578,75.6600036621094,1662500,2016-09-07
14253121,D,75.1800003051758,75.5100021362305,70.30654907226561,74.88999938964841,75.5899963378906,2594800,2016-09-08
14253130,D,74.9000015258789,72.5,67.5039596557617,72.4899978637695,74.9599990844727,2994900,2016-09-09
14253138,D,72.5699996948242,74.0500030517578,68.947151184082,72.5500030517578,74.2200012207031,3193800,2016-09-12
14253146,D,73.86000061035159,73.5199966430664,68.4536666870117,73.1600036621094,74.0299987792969,3079100,2016-09-13
14253154,D,73.6600036621094,73.7900009155273,68.7050628662109,73.4199981689453,74.4100036621094,1812000,2016-09-14
14253162,D,73.86000061035159,74.4499969482422,69.319580078125,73.55999755859379,74.620002746582,2145100,2016-09-15
14253170,D,74.25,75.05999755859379,69.88755035400389,73.9499969482422,75.3000030517578,4744400,2016-09-16
14253181,D,75.120002746582,75.9000015258789,70.6696701049805,75.0299987792969,75.9300003051758,2128800,2016-09-19
14253189,D,76.25,75.629997253418,70.4182815551758,75.61000061035159,76.36000061035159,2431600,2016-09-20
14253197,D,75.75,76.75,71.4610977172852,75.379997253418,76.7799987792969,2784400,2016-09-21
14253205,D,77.0,77.0400009155273,71.7311096191406,76.5199966430664,77.3199996948242,2083100,2016-09-22
14253213,D,76.8399963378906,77.0100021362305,71.7031784057617,76.2200012207031,77.2399978637695,2050600,2016-09-23
14253221,D,77.0299987792969,76.5999984741211,71.32142639160159,76.4000015258789,77.2200012207031,2521700,2016-09-26
14253229,D,76.9000015258789,75.7799987792969,70.5579376220703,75.63999938964841,77.25,2936900,2016-09-27
14253237,D,75.9800033569336,75.8399963378906,70.6137924194336,75.0800018310547,76.11000061035159,2036800,2016-09-28
14253245,D,75.8399963378906,74.75,69.5989151000977,74.4899978637695,75.9499969482422,2446500,2016-09-29
14253253,D,75.0999984741211,74.2699966430664,69.1519775390625,73.8300018310547,75.3199996948242,3153600,2016-09-30
14253262,D,74.2099990844727,73.2799987792969,68.23020172119139,72.879997253418,74.2099990844727,2487600,2016-10-03
14253270,D,73.0800018310547,72.1500015258789,67.178092956543,71.6999969482422,73.0999984741211,3177500,2016-10-04
14253278,D,72.1999969482422,71.879997253418,66.9266891479492,71.3199996948242,72.63999938964841,3053100,2016-10-05
14253286,D,71.629997253418,71.9100036621094,66.9546279907227,71.3499984741211,72.2799987792969,2105900,2016-10-06
14253295,D,72.4000015258789,71.5,66.572868347168,71.4100036621094,73.0999984741211,1882800,2016-10-07
14253303,D,71.5999984741211,72.2200012207031,67.24325561523439,71.38999938964841,72.30999755859379,1825100,2016-10-10
14253311,D,72.1999969482422,71.69000244140621,66.74978637695311,71.44000244140621,72.2799987792969,2573300,2016-10-11
14253319,D,71.7200012207031,72.1600036621094,67.18740081787111,71.69000244140621,72.3399963378906,1541200,2016-10-12
14253328,D,72.1600036621094,73.30999755859379,68.25814819335939,72.0899963378906,73.879997253418,3113600,2016-10-13
14253336,D,73.1600036621094,72.7799987792969,67.76467132568361,72.6999969482422,73.4700012207031,1694100,2016-10-14
14253344,D,73.0299987792969,72.8300018310547,67.8112335205078,72.5299987792969,73.3000030517578,1613700,2016-10-17
14253352,D,73.3199996948242,73.370002746582,68.3140182495117,72.6500015258789,73.7200012207031,1626900,2016-10-18
14253362,D,73.4000015258789,73.2099990844727,68.1650314331055,72.8300018310547,73.5100021362305,1763300,2016-10-19
14253370,D,73.2799987792969,73.11000061035159,68.07192993164061,73.0100021362305,73.4700012207031,1313800,2016-10-20
14253378,D,72.6600036621094,72.8399963378906,67.82052612304689,72.4300003051758,73.05999755859379,1510800,2016-10-21
14253386,D,73.129997253418,73.120002746582,68.08123779296879,72.5299987792969,73.3499984741211,2433000,2016-10-24
14253394,D,73.120002746582,73.4000015258789,68.34194946289061,72.8000030517578,73.4599990844727,2079400,2016-10-25
14253402,D,73.2900009155273,73.8300018310547,68.742317199707,72.88999938964841,73.9300003051758,1685600,2016-10-26
14253410,D,73.4300003051758,73.3000030517578,68.2488327026367,72.80999755859379,73.8000030517578,1772500,2016-10-27
14253419,D,73.379997253418,73.4899978637695,68.4257431030273,72.9899978637695,73.7799987792969,1767700,2016-10-28
14253427,D,73.9800033569336,75.1999969482422,70.0179061889648,73.61000061035159,75.9100036621094,4056600,2016-10-31
14253435,D,75.0299987792969,74.4599990844727,69.32888793945311,74.1999969482422,75.1500015258789,2576000,2016-11-01
14253443,D,74.4800033569336,74.0999984741211,68.9937057495117,72.870002746582,74.5299987792969,2944400,2016-11-02
14253452,D,73.9100036621094,74.3499984741211,69.2264862060547,73.4800033569336,74.55999755859379,1837900,2016-11-03
14253460,D,74.63999938964841,73.7900009155273,68.7050628662109,73.7900009155273,75.1699981689453,2638100,2016-11-04
14253461,D,74.2200012207031,74.7200012207031,69.5709915161133,73.0199966430664,74.7399978637695,2417600,2016-11-07
14253462,D,74.86000061035159,75.5,70.2972259521484,74.69000244140621,75.80999755859379,1818700,2016-11-08
14253463,D,74.0500030517578,73.2200012207031,68.17434692382811,73.0699996948242,74.25,3046700,2016-11-09
14253472,D,72.86000061035159,71.129997253418,66.22836303710939,70.55999755859379,72.879997253418,4171800,2016-11-10
14253480,D,71.19000244140621,70.7600021362305,65.8838653564453,70.55999755859379,71.75,2577300,2016-11-11
14253489,D,70.5100021362305,69.9899978637695,65.16693115234379,69.5100021362305,70.63999938964841,4548700,2016-11-14
14253497,D,70.33999633789061,71.2399978637695,66.33078765869139,70.33999633789061,71.44000244140621,3861400,2016-11-15
14253509,D,71.44000244140621,71.0500030517578,66.1538848876953,70.7799987792969,71.6800003051758,2912000,2016-11-16
14253517,D,70.7699966430664,71.0299987792969,66.1352615356445,70.6800003051758,71.5299987792969,2766400,2016-11-17
14253518,D,71.05999755859379,71.1500015258789,66.2470016479492,70.5400009155273,71.4300003051758,2696500,2016-11-18
14253527,D,71.38999938964841,72.25,67.2712020874023,71.3000030517578,72.25,2118500,2016-11-21
14253536,D,72.0999984741211,73.19000244140621,68.1464157104492,72.0699996948242,73.3399963378906,3421400,2016-11-22
14253544,D,72.4700012207031,72.870002746582,67.8484649658203,72.4700012207031,73.2900009155273,3358900,2016-11-23
14253552,D,73.0100021362305,73.9499969482422,68.8540420532227,73.0100021362305,74.38999938964841,1392700,2016-11-25
14253560,D,74.13999938964841,75.1699981689453,69.98996734619139,74.129997253418,75.3300018310547,2580200,2016-11-28
14253569,D,74.8399963378906,76.11000061035159,70.8651885986328,74.75,76.3000030517578,3376600,2016-11-29
14253577,D,74.63999938964841,73.2900009155273,68.8729629516602,73.2699966430664,74.7600021362305,4407000,2016-11-30
14253585,D,72.9300003051758,72.75,68.36550903320311,72.1999969482422,73.05999755859379,3177500,2016-12-01
14253593,D,73.370002746582,73.7799987792969,69.3334274291992,73.3499984741211,74.0299987792969,2952500,2016-12-02
14253602,D,73.4599990844727,73.4800033569336,69.0515213012695,72.5500030517578,73.55999755859379,2851300,2016-12-05
14253610,D,73.5500030517578,72.7099990844727,68.3279190063477,72.55999755859379,73.5699996948242,2897900,2016-12-06
14253618,D,73.0,73.5,69.0703048706055,72.7900009155273,73.5800018310547,3935400,2016-12-07
14253626,D,73.1600036621094,73.5,69.0703048706055,72.629997253418,73.5999984741211,1868600,2016-12-08
14253635,D,73.5100021362305,74.5299987792969,70.03823089599611,73.4100036621094,74.61000061035159,2224500,2016-12-09
14253643,D,74.3499984741211,75.4599990844727,70.9121932983398,74.3499984741211,75.8399963378906,2479600,2016-12-12
14253651,D,75.6800003051758,75.9499969482422,71.3726501464844,75.3399963378906,76.0699996948242,2326600,2016-12-13
14253659,D,76.19000244140621,74.120002746582,69.6529388427734,74.0699996948242,76.55999755859379,3767000,2016-12-14
14253667,D,74.2399978637695,74.5699996948242,70.07582855224611,73.9300003051758,74.9300003051758,2729000,2016-12-15
14253676,D,74.63999938964841,75.870002746582,71.29747009277341,74.63999938964841,76.19000244140621,5252400,2016-12-16
14253684,D,76.370002746582,76.5100021362305,71.8989028930664,75.75,76.6500015258789,2359000,2016-12-19
14253693,D,76.44000244140621,76.5100021362305,71.8989028930664,76.0400009155273,76.6500015258789,2136400,2016-12-20
14253701,D,76.63999938964841,76.2399978637695,71.6451644897461,76.2200012207031,77.1600036621094,1837300,2016-12-21
14253709,D,76.36000061035159,76.629997253418,72.0116729736328,76.0,76.6999969482422,1664800,2016-12-22
14253717,D,76.6800003051758,76.75,72.1244430541992,76.120002746582,76.7600021362305,1074100,2016-12-23
14253725,D,76.61000061035159,76.6699981689453,72.0492630004883,76.25,76.9599990844727,1163500,2016-12-27
14253733,D,76.7300033569336,76.3300018310547,71.72975158691409,76.25,76.9700012207031,1734500,2016-12-28
14253746,D,76.5299987792969,76.9899978637695,72.3499755859375,76.2900009155273,77.3300018310547,2342400,2016-12-29
14253754,D,77.0400009155273,76.5899963378906,71.9740753173828,76.38999938964841,77.129997253418,2459600,2016-12-30
14253762,D,76.5699996948242,76.25,71.6545715332031,75.9599990844727,76.69000244140621,3017500,2017-01-03
14253770,D,76.38999938964841,76.1800003051758,71.5887832641602,75.9199981689453,76.69000244140621,3426200,2017-01-04
14253778,D,75.7900009155273,76.2799987792969,71.6827621459961,75.120002746582,76.3399963378906,2688000,2017-01-05
14253786,D,76.0400009155273,76.9000015258789,72.2654037475586,75.88999938964841,77.0500030517578,1848000,2017-01-06
14253794,D,76.9300003051758,75.7200012207031,71.1565170288086,75.6800003051758,76.9800033569336,1947400,2017-01-09
14253802,D,75.5899963378906,75.4300003051758,70.8839874267578,75.120002746582,75.6800003051758,1534200,2017-01-10
14253810,D,75.44000244140621,75.629997253418,71.0719451904297,75.2399978637695,75.9100036621094,1902400,2017-01-11
14253818,D,75.6500015258789,75.2799987792969,70.74302673339841,75.0400009155273,75.8399963378906,2468300,2017-01-12
14253826,D,75.0699996948242,75.2099990844727,70.67724609375,74.6999969482422,75.4300003051758,1992700,2017-01-13
14253834,D,75.5699996948242,76.1999969482422,71.6075820922852,75.3300018310547,76.36000061035159,2110200,2017-01-17
14253842,D,75.9899978637695,76.1699981689453,71.5793914794922,75.94000244140621,76.63999938964841,1913900,2017-01-18
14253850,D,75.7799987792969,75.620002746582,71.0625381469727,75.36000061035159,76.1600036621094,1397400,2017-01-19
14253858,D,75.7300033569336,75.7900009155273,71.2222900390625,75.2900009155273,76.0400009155273,1739300,2017-01-20
14253867,D,75.9100036621094,75.5800018310547,71.0249557495117,75.4499969482422,76.0999984741211,1530700,2017-01-23
14253875,D,75.5299987792969,75.4700012207031,70.9215850830078,75.3199996948242,75.7699966430664,1898200,2017-01-24
14253883,D,75.4599990844727,75.80999755859379,71.2410888671875,75.2099990844727,75.9300003051758,2161100,2017-01-25
14253891,D,75.7200012207031,75.69000244140621,71.1283187866211,75.5,76.2399978637695,1537700,2017-01-26
14253900,D,75.69000244140621,75.5199966430664,70.96856689453121,75.2200012207031,75.8399963378906,1393800,2017-01-27
14253908,D,75.7799987792969,75.2600021362305,70.724235534668,75.0100021362305,75.7900009155273,2287000,2017-01-30
14253916,D,75.30999755859379,76.2799987792969,71.6827621459961,75.2799987792969,76.30999755859379,3056200,2017-01-31
14253924,D,74.36000061035159,71.8499984741211,67.51975250244139,71.8199996948242,75.44000244140621,7279600,2017-02-01
14253932,D,71.870002746582,71.6800003051758,67.359992980957,70.870002746582,72.1500015258789,4336600,2017-02-02
14253940,D,71.7200012207031,71.6999969482422,67.378791809082,71.25,71.9899978637695,3695400,2017-02-03
14253948,D,72.0500030517578,72.2099990844727,67.8580474853516,71.5100021362305,72.4199981689453,3223800,2017-02-06
14253956,D,72.2600021362305,72.3499984741211,67.989616394043,71.7099990844727,72.4499969482422,2436200,2017-02-07
14253964,D,72.55999755859379,73.3399963378906,68.91994476318361,72.4899978637695,73.5199966430664,2711600,2017-02-08
14253972,D,73.2600021362305,72.1500015258789,67.8016815185547,71.5899963378906,73.4800033569336,3752800,2017-02-09
14253981,D,72.1500015258789,73.370002746582,68.94815063476561,71.8300018310547,73.4499969482422,3563800,2017-02-10
14253989,D,73.4100036621094,73.7300033569336,69.2864532470703,73.1800003051758,73.879997253418,2829000,2017-02-13
14253998,D,73.5899963378906,73.120002746582,68.7132110595703,72.8300018310547,73.6800003051758,2823300,2017-02-14
14254006,D,72.5500030517578,72.379997253418,68.0178070068359,71.9599990844727,72.8000030517578,3184400,2017-02-15
14254014,D,72.5299987792969,73.2799987792969,68.86355590820311,72.4000015258789,73.379997253418,3026300,2017-02-16
14254022,D,73.2699966430664,73.7699966430664,69.32403564453121,72.8399963378906,73.8399963378906,3426400,2017-02-17
14254031,D,73.6500015258789,74.7600021362305,70.25437164306639,73.4199981689453,75.0899963378906,3541200,2017-02-21
14254039,D,74.75,75.3499984741211,70.8088073730469,74.3000030517578,75.44000244140621,3105700,2017-02-22
14254049,D,75.620002746582,76.1600036621094,71.5699996948242,75.36000061035159,76.2900009155273,2513300,2017-02-23
14254057,D,76.4499969482422,77.0,72.3593673706055,76.44000244140621,77.19000244140621,2384800,2017-02-24
14254067,D,76.88999938964841,76.870002746582,72.23719787597659,76.5400009155273,77.0500030517578,3344000,2017-02-27
14254075,D,76.6699981689453,77.63999938964841,72.960807800293,76.6699981689453,78.0400009155273,2920400,2017-02-28
14254084,D,75.879997253418,76.25,72.3582077026367,75.5800018310547,76.6500015258789,2663200,2017-03-01
14254092,D,75.9899978637695,77.2200012207031,73.2787094116211,75.9100036621094,77.80999755859379,2604400,2017-03-02
14254100,D,77.19000244140621,76.55999755859379,72.6523895263672,75.9800033569336,77.2099990844727,2956000,2017-03-03
14254108,D,76.3000030517578,76.2399978637695,72.3487091064453,76.0199966430664,76.5400009155273,1948100,2017-03-06
14254117,D,75.9800033569336,76.120002746582,72.23484802246091,75.9599990844727,76.379997253418,2479700,2017-03-07
14254125,D,75.5199966430664,75.129997253418,71.2953720092773,74.5899963378906,75.6500015258789,1878500,2017-03-08
14254133,D,75.2099990844727,74.9000015258789,71.0771102905273,74.8499984741211,75.6999969482422,1381800,2017-03-09
14254141,D,75.25,75.6699981689453,71.8078079223633,75.11000061035159,75.75,1623600,2017-03-10
14254169,D,75.620002746582,76.0899963378906,72.2063751220703,75.4599990844727,76.19000244140621,2728600,2017-03-13
14254199,D,75.9300003051758,76.3300018310547,72.4341278076172,75.8199996948242,76.7200012207031,2089000,2017-03-14
14254220,D,76.5999984741211,77.8499984741211,73.8765411376953,76.44000244140621,78.2099990844727,2779700,2017-03-15
14254234,D,78.0400009155273,76.8000030517578,72.88014221191409,76.4800033569336,78.0400009155273,2652300,2017-03-16
14254245,D,77.0899963378906,77.120002746582,73.1838073730469,76.620002746582,77.4800033569336,3797800,2017-03-17
14254253,D,77.5699996948242,76.8300018310547,72.9086074829102,76.5100021362305,77.7600021362305,2149300,2017-03-20
14254261,D,76.8300018310547,78.2099990844727,74.2181777954102,76.8300018310547,78.61000061035159,3246700,2017-03-21
14254269,D,78.5299987792969,78.6500015258789,74.6357116699219,78.370002746582,79.36000061035159,3122700,2017-03-22
14254278,D,78.5400009155273,78.2600021362305,74.265625,78.0,78.9000015258789,2617700,2017-03-23
14254286,D,78.2900009155273,78.2600021362305,74.265625,78.05999755859379,78.620002746582,2367300,2017-03-24
14254295,D,78.629997253418,77.9199981689453,73.94297790527341,77.55999755859379,78.7300033569336,2548700,2017-03-27
14254303,D,77.9800033569336,78.05999755859379,74.0758285522461,77.5999984741211,78.1800003051758,2869000,2017-03-28
14254312,D,77.8399963378906,77.6699981689453,73.7057266235352,77.44000244140621,77.9300003051758,1791500,2017-03-29
14254320,D,77.4800033569336,77.4100036621094,73.4590072631836,76.9899978637695,77.4899978637695,1520200,2017-03-30
14254330,D,77.5299987792969,77.5699996948242,73.6108322143555,77.4000015258789,77.9700012207031,2050500,2017-03-31
14254338,D,77.13999938964841,77.7399978637695,73.77215576171879,76.25,77.7699966430664,1991000,2017-04-03
14254346,D,77.7699966430664,77.620002746582,73.6582946777344,77.3000030517578,78.0100021362305,1985600,2017-04-04
14254354,D,77.7300033569336,77.9599990844727,73.9809341430664,77.379997253418,78.0800018310547,1840000,2017-04-05
14254364,D,78.0,78.2099990844727,74.2181777954102,77.75,78.36000061035159,2781700,2017-04-06
14254372,D,78.36000061035159,77.5899963378906,73.6298141479492,77.5400009155273,78.4599990844727,2160500,2017-04-07
14254381,D,77.63999938964841,77.9100036621094,73.9334945678711,77.1600036621094,77.9800033569336,1809500,2017-04-10
14254389,D,77.629997253418,77.4800033569336,73.5254440307617,77.3199996948242,77.9199981689453,1814200,2017-04-11
14254399,D,77.379997253418,77.9300003051758,73.9524612426758,77.0100021362305,77.9800033569336,2246700,2017-04-12
14254407,D,78.0,77.5299987792969,73.5728759765625,77.19000244140621,78.0,2637200,2017-04-13
14254415,D,77.6600036621094,77.94000244140621,73.9619445800781,77.55999755859379,78.0500030517578,2751500,2017-04-17
14254424,D,77.9000015258789,77.9899978637695,74.009391784668,77.629997253418,78.2300033569336,2540600,2017-04-18
14254433,D,77.8399963378906,77.3399963378906,73.39256286621091,77.0299987792969,77.9599990844727,1883900,2017-04-19
14254434,D,77.3399963378906,77.36000061035159,73.4115524291992,76.63999938964841,77.4100036621094,2603600,2017-04-20
14254443,D,77.4700012207031,77.5400009155273,73.5823669433594,77.4300003051758,78.120002746582,3471900,2017-04-21
14254444,D,77.63999938964841,78.0699996948242,74.08531188964841,77.05999755859379,78.2200012207031,2543300,2017-04-24
14254454,D,77.6699981689453,77.6999969482422,73.73419189453121,77.3499984741211,77.9000015258789,1787700,2017-04-25
14254462,D,77.620002746582,77.4899978637695,73.5349197387695,77.4499969482422,78.0100021362305,1505800,2017-04-26
14254472,D,77.5100021362305,77.69000244140621,73.72471618652341,77.4300003051758,77.94000244140621,1593300,2017-04-27
14254480,D,77.6600036621094,77.4300003051758,73.4779815673828,77.3000030517578,77.8399963378906,1992600,2017-04-28
14254489,D,77.4499969482422,76.94000244140621,73.0129928588867,76.9000015258789,77.5500030517578,1641400,2017-05-01
14254497,D,77.0999984741211,77.2200012207031,73.2787094116211,76.9300003051758,77.3300018310547,1251800,2017-05-02
14254507,D,77.0699996948242,76.5699996948242,72.66188049316409,76.44000244140621,77.2300033569336,2251200,2017-05-03
14254515,D,76.6500015258789,77.3000030517578,73.354621887207,76.38999938964841,77.38999938964841,2445400,2017-05-04
14254523,D,77.5299987792969,78.2300033569336,74.2371520996094,77.5299987792969,78.5299987792969,2291200,2017-05-05
14254531,D,78.25,78.5299987792969,74.52183532714841,77.8000030517578,78.5999984741211,2064900,2017-05-08
14254540,D,78.3199996948242,77.4800033569336,73.5254440307617,77.3199996948242,78.4700012207031,1554000,2017-05-09
14254548,D,77.5299987792969,77.7300033569336,73.7626724243164,77.2900009155273,77.9000015258789,1921400,2017-05-10
14254556,D,77.5800018310547,77.61000061035159,73.648796081543,77.0699996948242,77.7099990844727,1423300,2017-05-11
14254564,D,77.7900009155273,77.9300003051758,73.9524612426758,77.5800018310547,78.2799987792969,1469700,2017-05-12
14254572,D,77.8000030517578,77.9700012207031,73.99041748046879,77.5500030517578,78.1600036621094,1826900,2017-05-15
14254580,D,78.0199966430664,77.2099990844727,73.2692184448242,77.1500015258789,78.1600036621094,2254800,2017-05-16
14254588,D,77.2099990844727,77.4800033569336,73.5254440307617,76.9499969482422,77.9300003051758,2542400,2017-05-17
14254596,D,77.620002746582,78.3199996948242,74.3225631713867,77.19000244140621,78.5899963378906,3371600,2017-05-18
14254605,D,78.4800033569336,78.5899963378906,74.5787734985352,77.5800018310547,78.5999984741211,2718600,2017-05-19
14254613,D,78.1500015258789,79.6999969482422,75.6321258544922,78.1500015258789,79.8300018310547,2354200,2017-05-22
14254621,D,79.69000244140621,79.7099990844727,75.64161682128909,79.55999755859379,80.36000061035159,2119300,2017-05-23
14254629,D,79.8199996948242,80.2900009155273,76.192008972168,79.6999969482422,80.3399963378906,1520400,2017-05-24
14254637,D,80.19000244140621,80.9700012207031,76.83729553222659,80.0899963378906,81.0699996948242,1875600,2017-05-25
14254645,D,80.8499984741211,81.0299987792969,76.8942413330078,80.7600021362305,81.19000244140621,2080700,2017-05-26
14254654,D,80.94000244140621,81.0199966430664,76.8847427368164,80.69000244140621,81.3000030517578,1877900,2017-05-30
14254662,D,80.2699966430664,80.7699966430664,77.3684768676758,80.2699966430664,81.129997253418,2416800,2017-05-31
14254670,D,80.7699966430664,81.4100036621094,77.9815368652344,80.3300018310547,81.4100036621094,2271500,2017-06-01
14254678,D,81.4899978637695,81.1999969482422,77.7803726196289,81.0100021362305,81.6500015258789,2530100,2017-06-02
14254687,D,81.2099990844727,80.6800003051758,77.2822723388672,80.55999755859379,81.2099990844727,2377400,2017-06-05
14254695,D,80.80999755859379,80.3000030517578,76.91827392578121,80.19000244140621,80.879997253418,2305000,2017-06-06
14254704,D,80.5,80.4599990844727,77.07154846191409,80.2399978637695,80.5999984741211,3376100,2017-06-07
14254721,D,80.4599990844727,79.6699981689453,76.31480407714841,79.0500030517578,80.4599990844727,2941500,2017-06-08
14254731,D,79.4700012207031,79.2799987792969,75.9412307739258,78.7200012207031,79.5800018310547,3854600,2017-06-09
14254739,D,79.44000244140621,79.4599990844727,76.1136474609375,78.88999938964841,79.7300033569336,1990500,2017-06-12
14254747,D,79.30999755859379,79.370002746582,76.02745056152341,78.9199981689453,79.4700012207031,2483500,2017-06-13
14254755,D,80.0,79.9899978637695,76.6213302612305,79.6500015258789,80.4300003051758,3192300,2017-06-14
14254763,D,79.7699966430664,80.1800003051758,76.803337097168,79.61000061035159,80.2300033569336,2610700,2017-06-15
14254771,D,80.2799987792969,80.7099990844727,77.3110122680664,80.25,81.0,4581800,2017-06-16
14254781,D,80.7099990844727,80.370002746582,76.98533630371091,80.0899963378906,80.7099990844727,2931600,2017-06-19
14254789,D,80.5100021362305,80.1999969482422,76.82249450683591,80.0899963378906,80.5500030517578,2382000,2017-06-20
14254799,D,80.1999969482422,79.1600036621094,75.8262939453125,78.7300033569336,80.2099990844727,2542400,2017-06-21
14254808,D,78.9100036621094,78.9300003051758,75.60597229003909,78.75,79.3300018310547,2518300,2017-06-22
14254816,D,78.9199981689453,78.38999938964841,75.0887069702148,78.0999984741211,79.1600036621094,3807100,2017-06-23
14254824,D,78.4899978637695,78.6500015258789,75.337760925293,78.1800003051758,79.4599990844727,4213700,2017-06-26
14254833,D,78.4300003051758,77.9000015258789,74.6193542480469,77.7699966430664,78.5899963378906,3296800,2017-06-27
14254841,D,78.13999938964841,77.0500030517578,73.8051452636719,76.9700012207031,78.1500015258789,3125000,2017-06-28
14254849,D,76.63999938964841,77.05999755859379,73.8147277832031,76.1699981689453,77.4300003051758,3798200,2017-06-29
14254857,D,77.129997253418,76.629997253418,73.40283203125,76.620002746582,77.61000061035159,2944900,2017-06-30
14254865,D,76.94000244140621,76.0999984741211,72.895149230957,76.0299987792969,77.1699981689453,1375200,2017-07-03
14254873,D,76.13999938964841,75.8000030517578,72.607795715332,75.7200012207031,76.25,3349600,2017-07-05
14254882,D,75.7099990844727,75.7200012207031,72.5311584472656,75.4300003051758,75.9599990844727,2033500,2017-07-06
14254890,D,75.8000030517578,75.7900009155273,72.59820556640621,75.5699996948242,76.0299987792969,1687000,2017-07-07
14254899,D,75.8499984741211,75.5999984741211,72.4162139892578,75.5,75.9800033569336,3585400,2017-07-10
14254908,D,75.5999984741211,76.0299987792969,72.8281021118164,75.4000015258789,76.0699996948242,2651000,2017-07-11
14254917,D,76.7399978637695,76.5800018310547,73.3549423217773,76.5,77.0,2345700,2017-07-12
14254925,D,76.4700012207031,76.11000061035159,72.90472412109379,76.0699996948242,76.5100021362305,1561600,2017-07-13
14254934,D,76.5899963378906,76.5500030517578,73.3262100219727,76.5,76.9000015258789,1729900,2017-07-14
14254942,D,76.5500030517578,76.620002746582,73.3932571411133,76.3499984741211,76.69000244140621,1314700,2017-07-17
14254951,D,76.75,76.86000061035159,73.6231460571289,76.5,77.0800018310547,1568700,2017-07-18
14254959,D,76.9199981689453,76.9800033569336,73.7381057739258,76.7399978637695,77.0199966430664,1407300,2017-07-19
14254968,D,77.25,76.9499969482422,73.7093505859375,76.6699981689453,77.25,2211900,2017-07-20
14254977,D,76.86000061035159,77.5699996948242,74.3032455444336,76.75,77.5699996948242,2312200,2017-07-21
14254986,D,77.55999755859379,76.7699966430664,73.5369338989258,76.629997253418,77.55999755859379,1827800,2017-07-24
14254994,D,76.8499984741211,76.7900009155273,73.55609130859379,76.4000015258789,77.0299987792969,1783100,2017-07-25
14255004,D,76.6999969482422,77.0500030517578,73.8051452636719,76.5999984741211,77.0999984741211,1395400,2017-07-26
14255012,D,76.86000061035159,77.120002746582,73.872200012207,76.7799987792969,77.2300033569336,1553300,2017-07-27
14255022,D,77.129997253418,76.9899978637695,73.747673034668,76.7699966430664,77.30999755859379,1232800,2017-07-28
14255030,D,77.0,77.1800003051758,73.9296646118164,76.7200012207031,77.3399963378906,1936600,2017-07-31
14255038,D,77.2699966430664,77.3000030517578,74.0446243286133,77.05999755859379,77.5,1967700,2017-08-01
14255046,D,77.1500015258789,77.86000061035159,74.5810317993164,76.55999755859379,77.870002746582,1674600,2017-08-02
14255055,D,77.69000244140621,78.4000015258789,75.0982971191406,77.620002746582,78.4700012207031,2583700,2017-08-03
14255063,D,78.0800018310547,78.0800018310547,74.7917709350586,77.4100036621094,78.3300018310547,2025900,2017-08-04
14255071,D,78.0100021362305,77.9199981689453,74.6385116577148,77.7799987792969,78.2200012207031,1629400,2017-08-07
14255079,D,77.75,77.9599990844727,74.6768264770508,77.61000061035159,78.0199966430664,1266800,2017-08-08
14255088,D,78.3199996948242,77.8399963378906,74.5618667602539,77.6999969482422,78.3199996948242,1596500,2017-08-09
14255096,D,77.7399978637695,77.8199996948242,74.542724609375,77.4700012207031,78.0199966430664,1581500,2017-08-10
14255106,D,77.9499969482422,77.38999938964841,74.1308288574219,77.0500030517578,77.9499969482422,1462500,2017-08-11
14255114,D,77.4899978637695,77.6800003051758,74.4086151123047,77.4199981689453,77.86000061035159,1530500,2017-08-14
14255124,D,77.44000244140621,77.9000015258789,74.6193542480469,77.4000015258789,78.05999755859379,3282800,2017-08-15
14255132,D,77.9199981689453,78.2399978637695,74.9450302124023,77.7600021362305,78.3399963378906,3045700,2017-08-16
14255142,D,78.120002746582,78.120002746582,74.8300857543945,78.0199966430664,78.6500015258789,1740600,2017-08-17
14255150,D,78.0100021362305,78.69000244140621,75.37608337402341,77.870002746582,78.870002746582,2303000,2017-08-18
14255160,D,78.80999755859379,78.7399978637695,75.4239730834961,78.44000244140621,78.9100036621094,1325300,2017-08-21
14255168,D,78.7399978637695,78.9700012207031,75.6442947387695,78.5299987792969,78.9800033569336,1420900,2017-08-22
14255178,D,78.9599990844727,79.2200012207031,75.8837585449219,78.5500030517578,79.2699966430664,1588800,2017-08-23
14255186,D,79.2200012207031,79.4499969482422,76.1040725708008,79.05999755859379,79.629997253418,2056000,2017-08-24
14255196,D,79.6800003051758,80.0800018310547,76.7075424194336,79.4599990844727,80.5,2475900,2017-08-25
14255204,D,80.2200012207031,80.13999938964841,76.7650146484375,79.80999755859379,80.3399963378906,1700900,2017-08-28
14255214,D,80.1999969482422,80.2399978637695,76.8608016967773,80.1699981689453,80.6699981689453,2065000,2017-08-29
14255222,D,79.4499969482422,78.8199996948242,76.21775817871091,78.7300033569336,79.5800018310547,1726900,2017-08-30
14255232,D,78.88999938964841,78.7699966430664,76.1694030761719,78.629997253418,79.120002746582,2010300,2017-08-31
14255240,D,78.9000015258789,78.3300018310547,75.7439346313477,78.1999969482422,79.05999755859379,1547500,2017-09-01
14255250,D,78.5,78.19000244140621,75.6085586547852,77.9700012207031,78.5500030517578,2603100,2017-09-05
14255258,D,78.38999938964841,77.9899978637695,75.415153503418,77.870002746582,78.4700012207031,2120300,2017-09-06
14255269,D,77.9899978637695,78.25,75.6665725708008,77.7200012207031,78.5699996948242,3107800,2017-09-07
14255279,D,78.4499969482422,79.2399978637695,76.62388610839841,78.2600021362305,79.36000061035159,2208500,2017-09-08
14255290,D,79.1999969482422,79.9199981689453,77.2814407348633,78.620002746582,79.9499969482422,2393100,2017-09-11
14255298,D,79.7900009155273,78.1800003051758,75.5988845825195,77.870002746582,79.8199996948242,2746800,2017-09-12
14255299,D,78.1500015258789,78.0699996948242,75.4925155639648,78.0100021362305,78.55999755859379,2061400,2017-09-13
14255309,D,78.0,79.1699981689453,76.5561981201172,77.8499984741211,79.2600021362305,3021000,2017-09-14
14255317,D,79.370002746582,79.5,76.87530517578121,79.1800003051758,79.7399978637695,6853100,2017-09-15
14255327,D,79.5,78.5500030517578,75.95668029785159,77.8199996948242,79.629997253418,2470900,2017-09-18
14255335,D,78.69000244140621,78.3300018310547,75.7439346313477,78.05999755859379,78.7399978637695,2463700,2017-09-19
14255345,D,78.4700012207031,77.620002746582,75.0573806762695,77.30999755859379,78.7200012207031,2095400,2017-09-20
14255353,D,77.7200012207031,77.3000030517578,74.7479476928711,77.2900009155273,77.9300003051758,1256300,2017-09-21
14255363,D,77.5400009155273,77.0400009155273,74.4965286254883,76.9100036621094,77.5999984741211,1839000,2017-09-22
14255371,D,77.3000030517578,78.0199966430664,75.4441604614258,77.1500015258789,78.0400009155273,2325700,2017-09-25
14255382,D,77.9300003051758,78.2099990844727,75.6278991699219,77.75,78.4899978637695,2131100,2017-09-26
14255390,D,77.7799987792969,76.7799987792969,74.24510192871091,76.5100021362305,77.9700012207031,3640600,2017-09-27
14255391,D,76.5999984741211,77.0299987792969,74.4868545532227,76.2300033569336,77.1800003051758,1933300,2017-09-28
14255401,D,76.8399963378906,76.9300003051758,74.3901596069336,76.5699996948242,77.0999984741211,2434500,2017-09-29
14255411,D,77.1999969482422,76.7399978637695,74.2064208984375,76.61000061035159,77.2600021362305,2131400,2017-10-02
14255421,D,76.7200012207031,75.9499969482422,73.4425048828125,75.8300018310547,76.7200012207031,2254600,2017-10-03
14255429,D,76.0299987792969,76.870002746582,74.3321304321289,75.75,76.9100036621094,2275800,2017-10-04
14255439,D,76.8399963378906,76.80999755859379,74.2741165161133,76.4800033569336,77.0199966430664,1913100,2017-10-05
14255447,D,76.5999984741211,76.80999755859379,74.2741165161133,76.2300033569336,76.88999938964841,1497300,2017-10-06
14255457,D,77.1699981689453,76.63999938964841,74.109733581543,76.55999755859379,77.1699981689453,1304100,2017-10-09
14255465,D,76.870002746582,77.7399978637695,75.1734161376953,76.5899963378906,77.7600021362305,2005100,2017-10-10
14255475,D,77.5,78.0100021362305,75.4345016479492,77.5,78.4700012207031,2255900,2017-10-11
14255483,D,77.9100036621094,78.629997253418,76.0340347290039,77.7600021362305,78.7099990844727,1841400,2017-10-12
14255493,D,78.8399963378906,78.620002746582,76.0243682861328,78.44000244140621,79.25,1725300,2017-10-13
14255501,D,79.1500015258789,79.0299987792969,76.4208297729492,78.3399963378906,79.3000030517578,2365500,2017-10-16
14255511,D,79.0299987792969,78.9599990844727,76.35313415527341,78.2399978637695,79.1999969482422,1955500,2017-10-17
14255519,D,78.8199996948242,78.879997253418,76.27577209472659,78.38999938964841,78.9700012207031,2065400,2017-10-18
14255529,D,78.9800033569336,79.9499969482422,77.3104476928711,78.9700012207031,80.0100021362305,2609100,2017-10-19
14255537,D,79.870002746582,80.0,77.3587951660156,79.370002746582,80.2300033569336,2198200,2017-10-20
14255547,D,79.9899978637695,80.379997253418,77.72625732421879,79.7300033569336,80.5100021362305,2016200,2017-10-23
14255555,D,80.4300003051758,80.3499984741211,77.6972351074219,79.8000030517578,80.44000244140621,1858500,2017-10-24
14255565,D,80.0800018310547,79.6800003051758,77.0493621826172,78.7200012207031,80.0800018310547,2416100,2017-10-25
14255574,D,79.9899978637695,80.4100036621094,77.7552719116211,79.61000061035159,80.94000244140621,3390500,2017-10-26
14255584,D,80.1800003051758,80.5100021362305,77.8519592285156,79.80999755859379,80.7399978637695,2161400,2017-10-27
14255592,D,81.0,81.4800033569336,78.7899475097656,80.3499984741211,82.0500030517578,2577900,2017-10-30
14255602,D,81.5500030517578,81.13999938964841,78.46116638183591,81.0500030517578,82.129997253418,2827700,2017-10-31
14255610,D,81.4100036621094,80.4899978637695,77.8326187133789,80.4300003051758,81.4100036621094,2118300,2017-11-01
14255620,D,80.6699981689453,80.8399963378906,78.1710586547852,80.0100021362305,80.9100036621094,2239400,2017-11-02
14255628,D,80.6800003051758,80.6699981689453,78.0066833496094,80.4700012207031,81.3000030517578,2183200,2017-11-03
14255639,D,80.6699981689453,80.55999755859379,77.9003067016602,80.129997253418,80.7799987792969,1701000,2017-11-06
14255647,D,80.7399978637695,81.38999938964841,78.7029113769531,80.3499984741211,81.620002746582,1698100,2017-11-07
14255657,D,81.38999938964841,80.879997253418,78.2097473144531,80.3300018310547,81.61000061035159,1974000,2017-11-08
14255665,D,80.7200012207031,81.2399978637695,78.5578536987305,80.4700012207031,81.36000061035159,1430700,2017-11-09
14255675,D,80.8000030517578,80.80999755859379,78.1420593261719,80.629997253418,81.0800018310547,1735500,2017-11-10
14255683,D,81.0,81.8499984741211,79.14772033691409,80.9300003051758,81.88999938964841,1631300,2017-11-13
14255693,D,81.6699981689453,82.8399963378906,80.1050262451172,81.5500030517578,83.0400009155273,2454100,2017-11-14
14255701,D,83.0899963378906,82.2300033569336,79.5151748657227,82.0299987792969,83.63999938964841,1828000,2017-11-15
14255711,D,82.13999938964841,81.9599990844727,79.25408935546879,81.6999969482422,82.2799987792969,1288300,2017-11-16
14255719,D,81.6600036621094,81.3199996948242,78.6352157592773,81.25,82.0,1705400,2017-11-17
14255730,D,81.4000015258789,81.1500015258789,78.470832824707,81.0999984741211,81.5199966430664,1485600,2017-11-20
14255738,D,81.19000244140621,81.370002746582,78.6835708618164,81.0100021362305,81.5400009155273,2315000,2017-11-21
14255748,D,81.94000244140621,82.1600036621094,79.4474868774414,81.5500030517578,82.1999969482422,1744900,2017-11-22
14255756,D,82.4300003051758,82.2099990844727,79.49583435058591,82.0899963378906,82.7200012207031,797400,2017-11-24
14255766,D,82.3000030517578,82.9599990844727,80.221076965332,82.11000061035159,83.129997253418,2305400,2017-11-27
14255774,D,83.0699996948242,83.94000244140621,81.1687240600586,83.05999755859379,83.9499969482422,2255600,2017-11-28
14255784,D,83.620002746582,84.0,81.2267379760742,83.30999755859379,84.3399963378906,2603200,2017-11-29
14255792,D,83.38999938964841,84.129997253418,82.1050720214844,83.1500015258789,84.3000030517578,3120900,2017-11-30
14255801,D,84.379997253418,83.5699996948242,81.5585556030273,83.2399978637695,84.4700012207031,2566100,2017-12-01
14255809,D,83.4800033569336,83.5500030517578,81.5390396118164,83.1600036621094,83.9800033569336,2036000,2017-12-04
14255819,D,83.6500015258789,83.120002746582,81.119384765625,82.4700012207031,83.7099990844727,1986300,2017-12-05
14255827,D,83.3300018310547,83.5299987792969,81.5195236206055,82.9800033569336,83.6999969482422,1709800,2017-12-06
14255828,D,83.63999938964841,83.6800003051758,81.66590881347659,82.9199981689453,83.7600021362305,1979600,2017-12-07
14255839,D,83.4700012207031,83.879997253418,81.8610916137695,83.1999969482422,83.879997253418,1477700,2017-12-08
14255848,D,83.69000244140621,84.13999938964841,82.1148376464844,83.2699966430664,84.2099990844727,1988900,2017-12-11
14255858,D,83.620002746582,83.4300003051758,81.4219207763672,83.38999938964841,84.8399963378906,2409700,2017-12-12
14255866,D,83.7399978637695,84.11000061035159,82.085563659668,83.4300003051758,84.7300033569336,2460900,2017-12-13
14255876,D,84.3399963378906,84.379997253418,82.34906005859379,83.7300033569336,84.7300033569336,2202700,2017-12-14
14255884,D,84.5299987792969,84.9100036621094,82.8663101196289,83.9000015258789,85.2600021362305,5872700,2017-12-15
14255895,D,85.11000061035159,82.75,80.7582931518555,82.6999969482422,85.3000030517578,3343900,2017-12-18
14255903,D,82.9599990844727,81.3399963378906,79.3822326660156,81.2699966430664,83.2200012207031,2445600,2017-12-19
14255914,D,81.6800003051758,80.5899963378906,78.65028381347659,80.5699996948242,81.69000244140621,2241400,2017-12-20
14255922,D,80.5,80.6500015258789,78.7088394165039,80.11000061035159,81.25,2516300,2017-12-21
14255931,D,80.8000030517578,80.44000244140621,78.50389099121091,80.44000244140621,81.0100021362305,1755300,2017-12-22
14255939,D,80.6500015258789,80.3300018310547,78.39654541015621,80.2600021362305,81.1500015258789,1581600,2017-12-26
14255949,D,80.4000015258789,80.6600036621094,78.7185974121094,80.3000030517578,80.8399963378906,1742800,2017-12-27
14255957,D,80.9199981689453,81.0699996948242,79.1187210083008,80.6500015258789,81.11000061035159,1338300,2017-12-28
14255967,D,81.2600021362305,81.05999755859379,79.1089630126953,80.88999938964841,81.61000061035159,3347400,2017-12-29
14255975,D,81.1999969482422,80.2799987792969,78.3477401733398,80.0100021362305,81.6699981689453,2163600,2018-01-02
14255985,D,77.0,77.19000244140621,75.3321228027344,76.25,78.4499969482422,14587400,2018-01-03
14255993,D,77.3000030517578,76.8300018310547,74.9807815551758,76.44000244140621,78.13999938964841,7146600,2018-01-04
14256002,D,77.4000015258789,76.8399963378906,74.99053955078121,76.4300003051758,77.6999969482422,5758300,2018-01-05
14256010,D,77.11000061035159,78.0199966430664,76.1421356201172,76.7600021362305,78.55999755859379,5570000,2018-01-08
14256019,D,78.0500030517578,77.2099990844727,75.3516311645508,77.0800018310547,78.1500015258789,3484800,2018-01-09
14256027,D,76.9800033569336,76.2099990844727,74.3757095336914,75.75,77.0500030517578,3978200,2018-01-10
14256037,D,76.5899963378906,76.2099990844727,74.3757095336914,75.9499969482422,76.9000015258789,3545900,2018-01-11
14256045,D,76.1600036621094,75.94000244140621,74.1122055053711,75.629997253418,76.44000244140621,4350900,2018-01-12
14256053,D,76.11000061035159,75.2699966430664,73.4583282470703,75.0,76.3399963378906,9056800,2018-01-16
14256061,D,75.5,75.5,73.6827926635742,75.0100021362305,75.75,4969300,2018-01-17
14256071,D,75.5199966430664,74.88999938964841,73.0874710083008,74.3199996948242,75.61000061035159,6801100,2018-01-18
14256079,D,75.0400009155273,74.9899978637695,73.1850662231445,74.4300003051758,75.1600036621094,6529900,2018-01-19
14256089,D,75.0100021362305,74.88999938964841,73.0874710083008,74.7699966430664,75.5800018310547,4394000,2018-01-22
14256097,D,75.0,75.7099990844727,73.8877334594727,74.9199981689453,76.0299987792969,5204200,2018-01-23
14256106,D,75.6699981689453,75.55999755859379,73.74134826660159,75.30999755859379,76.0,5278100,2018-01-24
14256114,D,75.5999984741211,76.69000244140621,74.8441543579102,75.5500030517578,76.7799987792969,3915500,2018-01-25
14256124,D,76.5400009155273,75.5,73.6827926635742,75.11000061035159,76.7600021362305,5245200,2018-01-26
14256132,D,75.61000061035159,75.0899963378906,73.28265380859379,74.620002746582,75.9700012207031,4829500,2018-01-29
14256142,D,74.7200012207031,75.3199996948242,73.5071258544922,74.6999969482422,75.9199981689453,4798300,2018-01-30
14256151,D,75.629997253418,76.44000244140621,74.6001739501953,75.13999938964841,76.5999984741211,7018400,2018-01-31
14256160,D,76.4599990844727,75.9000015258789,74.0731658935547,75.19000244140621,76.5899963378906,4069500,2018-02-01
14256168,D,75.5899963378906,75.6800003051758,73.85845947265621,75.2399978637695,76.7200012207031,3528900,2018-02-02
14256176,D,75.6500015258789,74.69000244140621,72.8922958374023,74.5999984741211,76.6500015258789,4693400,2018-02-05
14256184,D,74.1999969482422,74.11000061035159,72.3262557983398,72.8000030517578,74.44000244140621,6910200,2018-02-06
14256191,D,73.9800033569336,73.7600021362305,71.98468017578121,73.4000015258789,74.8499984741211,4913900,2018-02-07
14256199,D,73.4000015258789,73.30999755859379,71.5455017089844,73.0800018310547,74.4499969482422,4101300,2018-02-08
14256206,D,73.4199981689453,74.379997253418,72.5897521972656,73.0500030517578,75.0500030517578,4629100,2018-02-09
14256214,D,74.4000015258789,75.2600021362305,73.4485702514648,73.61000061035159,75.5800018310547,4418600,2018-02-12
14256220,D,75.0100021362305,75.0699996948242,73.2631454467773,74.1699981689453,75.5,3395200,2018-02-13
14256228,D,74.7300033569336,74.3399963378906,72.5507125854492,74.0400009155273,74.9199981689453,2885800,2018-02-14
14256229,D,74.4800033569336,75.4199981689453,73.60472106933591,74.19000244140621,75.4199981689453,3122400,2018-02-15
14256239,D,75.30999755859379,75.8000030517578,73.97557067871091,75.0100021362305,76.0,3529500,2018-02-16
14256247,D,75.5100021362305,74.75,72.9508438110352,74.38999938964841,75.80999755859379,4264800,2018-02-20
14256255,D,74.6699981689453,73.5400009155273,71.7699737548828,73.5100021362305,75.2900009155273,3822600,2018-02-21
14256263,D,73.8000030517578,73.5800018310547,71.8090133666992,73.36000061035159,74.3399963378906,2449100,2018-02-22
14256271,D,73.6500015258789,75.5199966430664,73.7023086547852,73.5100021362305,75.5800018310547,2055800,2018-02-23
14256279,D,75.6500015258789,75.9899978637695,74.161003112793,75.4000015258789,76.1600036621094,2970600,2018-02-26
14256288,D,75.94000244140621,74.2600021362305,72.47264099121091,74.25,76.2399978637695,4134600,2018-02-27
14256297,D,74.5999984741211,74.0699996948242,72.28721618652341,74.0299987792969,75.2699966430664,4717800,2018-02-28
14256305,D,73.2699966430664,72.3499984741211,71.4136657714844,72.0800018310547,74.0199966430664,4832600,2018-03-01
14256313,D,72.370002746582,72.5,71.5617218017578,71.9100036621094,73.1500015258789,3535800,2018-03-02
14256321,D,72.620002746582,73.6999969482422,72.7461929321289,72.2200012207031,73.9000015258789,3391900,2018-03-05
14256329,D,73.5800018310547,72.9199981689453,71.9762878417969,72.7399978637695,73.7099990844727,2554000,2018-03-06
14256337,D,72.7300033569336,72.88999938964841,71.9466781616211,72.3199996948242,73.120002746582,2368300,2018-03-07
14256338,D,72.5,72.8300018310547,71.8874588012695,72.379997253418,73.0500030517578,4543900,2018-03-08
14256346,D,72.9000015258789,72.870002746582,71.92694091796879,72.4199981689453,73.0199966430664,4149900,2018-03-09
14256353,D,72.879997253418,72.9700012207031,72.0256423950195,72.7399978637695,73.30999755859379,4782900,2018-03-12
14256361,D,73.1999969482422,73.0,72.0552520751953,72.7799987792969,73.2699966430664,4093200,2018-03-13
14256368,D,73.1500015258789,73.5199966430664,72.5685195922852,72.7699966430664,73.63999938964841,3367500,2018-03-14
14256376,D,73.5800018310547,71.2399978637695,70.3180313110352,70.9100036621094,74.3499984741211,8084700,2018-03-15
14256383,D,70.7600021362305,70.61000061035159,69.6961822509766,69.94000244140621,70.9599990844727,12427600,2018-03-16
14256391,D,70.129997253418,69.15000152587889,68.2550811767578,68.65000152587889,70.4599990844727,8224400,2018-03-19
14256397,D,68.83999633789061,68.4499969482422,67.5641326904297,68.22000122070311,69.3600006103516,5464800,2018-03-20
14256405,D,68.4499969482422,67.6399993896484,66.76461791992189,67.6100006103516,68.90000152587889,6006100,2018-03-21
14256411,D,67.5699996948242,67.870002746582,66.9916458129883,67.3199996948242,68.6699981689453,6912500,2018-03-22
14256419,D,67.8300018310547,67.3000030517578,66.4290237426758,67.1699981689453,69.0100021362305,4956600,2018-03-23
14256425,D,67.51999664306639,68.09999847412111,67.2186660766602,67.3899993896484,68.19000244140621,3149400,2018-03-26
14256433,D,68.129997253418,69.22000122070311,68.3241729736328,67.94000244140621,70.0500030517578,4286400,2018-03-27
14256441,D,67.0,67.7900009155273,66.9126815795898,66.9899978637695,68.4300003051758,12337300,2018-03-28
14256450,D,67.9899978637695,67.4300003051758,66.55734252929689,67.1699981689453,68.120002746582,9174500,2018-03-29
14256459,D,67.629997253418,67.08999633789061,66.2217330932617,66.6800003051758,68.05999755859379,6679600,2018-04-02
14256468,D,67.1800003051758,67.3300018310547,66.4586334228516,66.90000152587889,67.620002746582,6092700,2018-04-03
14256477,D,67.23000335693361,66.9499969482422,66.0835494995117,66.4499969482422,67.5400009155273,4291300,2018-04-04
14256508,D,66.9499969482422,67.33999633789061,66.4684982299805,66.370002746582,67.69000244140621,4751200,2018-04-05
14256516,D,67.3199996948242,66.22000122070311,65.3629989624023,66.09999847412111,67.5500030517578,5215800,2018-04-06
14256586,D,66.1999969482422,66.370002746582,65.5110626220703,66.0500030517578,67.05999755859379,4602000,2018-04-09
14256594,D,66.379997253418,65.5,64.65232086181639,65.34999847412111,66.51999664306639,5273800,2018-04-10
14256603,D,65.40000152587889,64.879997253418,64.0403366088867,64.7600021362305,65.620002746582,4882800,2018-04-11
14256618,D,65.0500030517578,64.0699996948242,63.2408256530762,63.9099998474121,65.129997253418,4657900,2018-04-12
14256619,D,64.0699996948242,63.939998626709006,63.1125068664551,63.880001068115206,64.5,5483400,2018-04-13
14256620,D,64.0800018310547,64.73000335693361,63.8922843933105,63.91999816894529,64.90000152587889,5019300,2018-04-16
14256621,D,64.9300003051758,65.69000244140621,64.8398590087891,64.6999969482422,66.1100006103516,4728300,2018-04-17
14256622,D,65.879997253418,66.0699996948242,65.21494293212889,65.8300018310547,66.7900009155273,4606200,2018-04-18
14256623,D,65.77999877929689,66.05999755859379,65.2050704956055,65.620002746582,66.80999755859379,5002400,2018-04-19
14256633,D,66.1800003051758,65.3300018310547,64.48451995849611,65.09999847412111,66.1800003051758,4399300,2018-04-20
14256645,D,65.25,64.8899993896484,64.0502090454102,64.75,65.5100021362305,3636300,2018-04-23
14256656,D,64.9899978637695,64.77999877929689,63.9416351318359,64.2099990844727,65.120002746582,4819300,2018-04-24
14256671,D,64.65000152587889,64.8000030517578,63.96138000488279,64.3000030517578,65.129997253418,3424400,2018-04-25
14256698,D,64.7600021362305,65.0,64.15879058837889,64.1399993896484,65.19000244140621,4622500,2018-04-26
14256706,D,65.02999877929689,66.34999847412111,65.4913177490234,64.9899978637695,66.65000152587889,5518900,2018-04-27
14256716,D,66.52999877929689,66.55999755859379,65.6985931396484,66.3300018310547,66.8000030517578,3664300,2018-04-30
14256724,D,66.55999755859379,66.26999664306639,65.4123458862305,66.0800018310547,66.69000244140621,3849800,2018-05-01
14256734,D,66.3600006103516,66.19000244140621,65.3333892822266,65.8899993896484,66.59999847412111,2597000,2018-05-02
14256742,D,66.09999847412111,65.52999877929689,64.6819305419922,65.0,66.09999847412111,2957500,2018-05-03
14256752,D,65.77999877929689,65.5699996948242,64.72141265869139,65.47000122070311,66.4300003051758,2396500,2018-05-04
14256760,D,65.58999633789061,65.0800018310547,64.2377548217773,64.9899978637695,65.870002746582,2707700,2018-05-07
14256770,D,65.0100021362305,63.1399993896484,62.3228607177734,63.0,65.0100021362305,3440600,2018-05-08
14256778,D,63.2999992370605,62.66999816894529,61.8589401245117,62.310001373290994,63.3400001525879,3636600,2018-05-09
14256788,D,62.970001220703104,64.05999755859379,63.2309494018555,62.8899993896484,64.1399993896484,3682600,2018-05-10
14256797,D,64.0699996948242,64.6999969482422,63.862667083740206,64.0100021362305,64.7900009155273,2935700,2018-05-11
14256807,D,64.80999755859379,64.23000335693361,63.39875793457029,63.959999084472706,64.8899993896484,4293700,2018-05-14
14256815,D,64.1100006103516,64.51999664306639,63.6849975585938,63.7999992370605,64.55999755859379,4600700,2018-05-15
14256825,D,64.370002746582,63.7700004577637,62.944705963134794,63.3499984741211,64.5800018310547,4408000,2018-05-16
14256834,D,63.8899993896484,63.6800003051758,62.855873107910206,63.4799995422363,63.970001220703104,2781100,2018-05-17
14256844,D,63.83000183105471,63.290000915527294,62.470920562744105,62.9099998474121,63.970001220703104,4195300,2018-05-18
14256852,D,63.4000015258789,63.720001220703104,62.895355224609396,63.2299995422363,63.8400001525879,3566000,2018-05-21
14256862,D,63.720001220703104,63.8199996948242,62.9940605163574,63.5699996948242,64.40000152587889,3357100,2018-05-22
14256870,D,63.83000183105471,63.9099998474121,63.082893371582,63.630001068115206,64.23000335693361,5105300,2018-05-23
14256880,D,63.9000015258789,64.0,63.1717300415039,63.630001068115206,64.1100006103516,4346900,2018-05-24
14256888,D,64.16000366210939,64.1699981689453,63.339527130127,64.05999755859379,64.4899978637695,2991200,2018-05-25
14256898,D,64.09999847412111,64.33999633789061,63.507328033447294,63.8600006103516,64.66000366210939,4842300,2018-05-29
14256906,D,64.4899978637695,64.51999664306639,63.6849975585938,63.939998626709006,64.69000244140621,4618200,2018-05-30
14256928,D,63.4099998474121,64.19000244140621,64.19000244140621,63.1599998474121,64.4300003051758,4432700,2018-05-31
14256936,D,64.120002746582,63.3600006103516,63.3600006103516,63.060001373290994,64.3600006103516,3403800,2018-06-01
14256947,D,63.5,62.6399993896484,62.6399993896484,62.5699996948242,63.8600006103516,2797700,2018-06-04
14256957,D,62.5999984741211,62.7700004577637,62.7700004577637,62.380001068115206,62.959999084472706,3495900,2018-06-05
14256967,D,62.8499984741211,61.75,61.75,61.529998779296896,62.869998931884794,4396500,2018-06-06
14256977,D,61.790000915527294,62.3899993896484,62.3899993896484,61.7599983215332,63.189998626709006,4229800,2018-06-07
14256987,D,62.5099983215332,62.5999984741211,62.5999984741211,62.33000183105471,62.8400001525879,3168500,2018-06-08
14256988,D,62.7999992370605,63.209999084472706,63.209999084472706,62.66999816894529,63.470001220703104,5354800,2018-06-11
14256996,D,63.130001068115206,64.8899993896484,64.8899993896484,63.0499992370605,65.0500030517578,7543100,2018-06-12
14257006,D,64.80999755859379,64.30999755859379,64.30999755859379,64.0699996948242,65.15000152587889,5017300,2018-06-13
14257014,D,64.44000244140621,65.51999664306639,65.51999664306639,64.1999969482422,65.6699981689453,5608500,2018-06-14
14257024,D,65.41000366210939,66.30999755859379,66.30999755859379,65.0100021362305,66.370002746582,9724700,2018-06-15
14257031,D,66.4899978637695,66.0,66.0,65.8899993896484,66.52999877929689,5133300,2018-06-18
14257041,D,66.0400009155273,66.94000244140621,66.94000244140621,66.0,66.98000335693361,6769100,2018-06-19
14257047,D,67.0,66.4300003051758,66.4300003051758,66.22000122070311,67.09999847412111,5238600,2018-06-20
14257057,D,66.4199981689453,66.59999847412111,66.59999847412111,66.3300018310547,67.0100021362305,3989900,2018-06-21
14257065,D,66.7900009155273,66.94000244140621,66.94000244140621,66.5699996948242,67.0699996948242,3356200,2018-06-22
14257075,D,67.0800018310547,67.879997253418,67.879997253418,67.05999755859379,67.98000335693361,3538700,2018-06-25
14257083,D,67.6999969482422,67.5400009155273,67.5400009155273,67.30999755859379,68.0400009155273,3700600,2018-06-26
14257093,D,67.44000244140621,68.02999877929689,68.02999877929689,67.23000335693361,68.22000122070311,2873700,2018-06-27
14257101,D,68.16000366210939,68.47000122070311,68.47000122070311,68.0,68.75,3679500,2018-06-28
14257111,D,68.3899993896484,68.1800003051758,68.1800003051758,67.72000122070311,68.5100021362305,3106700,2018-06-29
14257119,D,68.23000335693361,68.4499969482422,68.4499969482422,67.5500030517578,68.6100006103516,2628700,2018-07-02
14257129,D,68.40000152587889,69.30999755859379,69.30999755859379,68.19000244140621,69.48000335693361,2246600,2018-07-03
14257137,D,69.4899978637695,69.7399978637695,69.7399978637695,68.9899978637695,69.75,3496700,2018-07-05
14257147,D,69.72000122070311,70.01999664306639,70.01999664306639,69.5800018310547,70.08999633789061,2583600,2018-07-06
14257155,D,70.02999877929689,68.0800018310547,68.0800018310547,67.84999847412111,70.09999847412111,3252300,2018-07-09
14257165,D,67.8899993896484,69.0800018310547,69.0800018310547,67.3000030517578,69.34999847412111,3590200,2018-07-10
14257173,D,69.1100006103516,69.55999755859379,69.55999755859379,69.02999877929689,69.72000122070311,3603000,2018-07-11
14257183,D,69.7099990844727,70.05999755859379,70.05999755859379,69.5400009155273,70.1699981689453,4705000,2018-07-12
14257191,D,70.1800003051758,69.9899978637695,69.9899978637695,69.55999755859379,70.6600036621094,2574800,2018-07-13
14257214,D,69.9899978637695,69.879997253418,69.879997253418,69.5,70.0500030517578,2744900,2018-07-16
14257222,D,70.0,70.379997253418,70.379997253418,69.7600021362305,70.55999755859379,3020100,2018-07-17
14257232,D,70.15000152587889,69.9499969482422,69.9499969482422,69.5800018310547,70.34999847412111,1979100,2018-07-18
14257241,D,71.94000244140621,72.0,72.0,71.5100021362305,72.4000015258789,6345200,2018-07-19
14257252,D,71.7099990844727,71.2699966430664,71.2699966430664,71.0999984741211,72.0899963378906,4128300,2018-07-20
14257260,D,71.4000015258789,70.9899978637695,70.9899978637695,70.5199966430664,71.5,2911300,2018-07-23
14257270,D,70.5800018310547,70.9100036621094,70.9100036621094,69.879997253418,71.11000061035159,3273400,2018-07-24
14257278,D,70.9300003051758,71.0299987792969,71.0299987792969,70.4800033569336,71.5,2272600,2018-07-25
14257288,D,71.4599990844727,71.5,71.5,70.9800033569336,71.5899963378906,3292900,2018-07-26
14257304,D,71.5500030517578,71.2600021362305,71.2600021362305,70.8300018310547,71.7200012207031,2588000,2018-07-27
14257370,D,71.1800003051758,71.19000244140621,71.19000244140621,70.620002746582,71.4300003051758,2908400,2018-07-30
14257378,D,71.36000061035159,71.7099990844727,71.7099990844727,70.7699966430664,71.7600021362305,4510800,2018-07-31
14257388,D,70.9599990844727,70.3199996948242,70.3199996948242,69.69000244140621,71.1999969482422,4736100,2018-08-01
14257396,D,70.22000122070311,71.13999938964841,71.13999938964841,70.0800018310547,71.2099990844727,2893700,2018-08-02
14257406,D,71.11000061035159,72.120002746582,72.120002746582,70.870002746582,72.379997253418,2555100,2018-08-03
14257415,D,72.05999755859379,71.75,71.75,71.5,72.4899978637695,2425700,2018-08-06
14257426,D,71.4800033569336,71.0699996948242,71.0699996948242,70.55999755859379,71.4800033569336,2988100,2018-08-07
14257436,D,71.0100021362305,70.7200012207031,70.7200012207031,70.379997253418,71.1699981689453,2774000,2018-08-08
14257446,D,70.7200012207031,71.0299987792969,71.0299987792969,70.4700012207031,71.129997253418,1484300,2018-08-09
14257457,D,71.370002746582,70.69000244140621,70.69000244140621,70.5899963378906,71.7699966430664,2573900,2018-08-10
14257468,D,70.5999984741211,69.8199996948242,69.8199996948242,69.73000335693361,70.5999984741211,5385500,2018-08-13
14257515,D,69.8899993896484,69.66000366210939,69.66000366210939,69.5,69.98000335693361,4524300,2018-08-14
14257525,D,69.84999847412111,70.25,70.25,69.8000030517578,70.879997253418,4535900,2018-08-15
14257537,D,70.2600021362305,71.129997253418,71.129997253418,69.94000244140621,71.19000244140621,2838300,2018-08-16
14257547,D,71.2699966430664,71.75,71.75,71.19000244140621,72.0400009155273,2850600,2018-08-17
14257560,D,71.9199981689453,71.7799987792969,71.7799987792969,71.5800018310547,72.0999984741211,2071900,2018-08-20
14257573,D,71.8000030517578,71.620002746582,71.620002746582,71.36000061035159,71.9899978637695,1956800,2018-08-21
14257586,D,71.61000061035159,71.2900009155273,71.2900009155273,70.9700012207031,71.6500015258789,2088600,2018-08-22
14257597,D,71.13999938964841,71.0699996948242,71.0699996948242,70.9100036621094,71.4499969482422,1602900,2018-08-23
14257608,D,71.2699966430664,71.63999938964841,71.63999938964841,70.9300003051758,71.6699981689453,1423300,2018-08-24
