,ticker,open,close,Adj Close,low,high,volume,Date
13891952,DRYS,37632.0,93296.0,78484.375,37240.0,122304.0,700,2016-11-10
13891962,DRYS,95883.203125,106624.0,89696.4375,83809.6015625,147156.796875,600,2016-11-11
13891974,DRYS,113680.0,336022.40625,282675.6875,106624.0,352016.0,1200,2016-11-14
13891984,DRYS,431200.0,572320.0,481458.8125,355936.0,799680.0,1300,2016-11-15
13892005,DRYS,400467.1875,86240.0,72548.5859375,84672.0,424536.0,1000,2016-11-17
13892017,DRYS,99097.6015625,92590.3984375,77890.8046875,86632.0,170284.796875,3600,2016-11-18
13892027,DRYS,109211.203125,71344.0,60017.46875,68443.203125,128889.6015625,3000,2016-11-21
13892039,DRYS,74480.0,48764.80078125,41022.92578125,47824.0,75734.3984375,2300,2016-11-22
13892049,DRYS,49862.3984375,47118.3984375,39637.90625,41944.0,53782.3984375,3100,2016-11-23
13892061,DRYS,47432.0,42963.19921875,36142.3828125,42806.3984375,48529.6015625,900,2016-11-25
13892071,DRYS,42963.19921875,38808.0,32646.865234375,38180.80078125,46099.19921875,1700,2016-11-28
13892083,DRYS,39748.80078125,33947.19921875,28557.7578125,31987.19921875,39748.80078125,1900,2016-11-29
13892093,DRYS,36064.0,41160.0,34625.4609375,34104.0,45080.0,3000,2016-11-30
13892105,DRYS,49000.0,41160.0,34625.4609375,38102.3984375,50176.0,4600,2016-12-01
13892115,DRYS,39200.0,37632.0,31657.5625,35358.3984375,40062.3984375,1800,2016-12-02
13892128,DRYS,38964.80078125,36064.0,30338.5,35672.0,38964.80078125,900,2016-12-05
13892138,DRYS,38259.19921875,37553.6015625,31591.61328125,36612.80078125,41395.19921875,2300,2016-12-06
13892150,DRYS,37632.0,36064.0,30338.5,35436.80078125,37632.0,900,2016-12-07
13892160,DRYS,35280.0,33555.19921875,28227.9921875,32928.0,35750.3984375,1100,2016-12-08
13892171,DRYS,33241.6015625,31752.0,26711.068359375,31438.400390625,34731.19921875,900,2016-12-09
13892183,DRYS,32928.0,31516.80078125,26513.2109375,30340.80078125,33320.0,800,2016-12-12
13892195,DRYS,31516.80078125,31046.400390625,26117.490234375,30576.0,31987.19921875,300,2016-12-13
13892208,DRYS,31046.400390625,27832.0,23413.408203125,27518.400390625,31595.19921875,600,2016-12-14
13892226,DRYS,32222.400390625,42336.0,35614.76171875,29556.80078125,42649.6015625,4900,2016-12-15
13892236,DRYS,47040.0,38494.3984375,32383.048828125,36769.6015625,48216.0,5800,2016-12-16
13892248,DRYS,39278.3984375,39121.6015625,32910.6796875,37240.0,41552.0,1300,2016-12-19
13892258,DRYS,38259.19921875,38024.0,31987.33203125,37004.80078125,39356.80078125,700,2016-12-20
13892273,DRYS,39984.0,38180.80078125,32119.23828125,37318.3984375,40454.3984375,700,2016-12-21
13892283,DRYS,37788.80078125,35436.80078125,29810.869140625,34652.80078125,38572.80078125,700,2016-12-22
13892295,DRYS,34966.3984375,33320.0,28030.134765625,32692.80078125,35280.0,700,2016-12-23
13892304,DRYS,31124.80078125,31360.0,26381.302734375,31124.80078125,32614.400390625,900,2016-12-27
13892316,DRYS,31595.19921875,29556.80078125,24864.37890625,29400.0,31908.80078125,700,2016-12-28
13892326,DRYS,29792.0,29400.0,24732.47265625,29164.80078125,31908.80078125,900,2016-12-29
13892338,DRYS,29400.0,28929.599609375,24336.751953125,28616.0,30027.19921875,600,2016-12-30
13892349,DRYS,29243.19921875,28459.19921875,23941.033203125,28067.19921875,29635.19921875,600,2017-01-03
13892362,DRYS,28224.0,27361.599609375,23017.6875,27048.0,28302.400390625,1000,2017-01-04
13892372,DRYS,28616.0,24382.400390625,20511.462890625,23363.19921875,28772.80078125,2200,2017-01-05
13892384,DRYS,24852.80078125,23755.19921875,19983.837890625,23206.400390625,25480.0,1300,2017-01-06
13892394,DRYS,24539.19921875,21403.19921875,18005.23828125,20619.19921875,24539.19921875,2000,2017-01-09
13892405,DRYS,21168.0,18580.80078125,15630.921875,18345.599609375,21324.80078125,2600,2017-01-10
13892415,DRYS,18894.400390625,17169.599609375,14443.7607421875,16464.0,19051.19921875,2100,2017-01-11
13892427,DRYS,16934.400390625,14425.599609375,12135.3994140625,14425.599609375,17012.80078125,2500,2017-01-12
13892436,DRYS,14268.7998046875,14660.7998046875,12333.2587890625,13249.599609375,17483.19921875,5200,2017-01-13
13892448,DRYS,15131.2001953125,12700.7998046875,10684.427734375,12387.2001953125,15131.2001953125,3700,2017-01-17
13892458,DRYS,12387.2001953125,12465.599609375,10486.5673828125,11132.7998046875,12857.599609375,3600,2017-01-18
13892470,DRYS,11132.7998046875,7918.39990234375,6661.279296875,7840.0,11446.400390625,9400,2017-01-19
13892480,DRYS,8153.60009765625,7918.39990234375,6661.279296875,7761.60009765625,8859.2001953125,6900,2017-01-20
13892493,DRYS,7350.0,5292.0,4451.84521484375,5145.0,7497.0,14100,2017-01-23
13892504,DRYS,5448.7998046875,4390.39990234375,3693.38232421875,4331.60009765625,5488.0,21100,2017-01-24
13892516,DRYS,4390.39990234375,3920.0,3297.66284179688,3900.39990234375,4645.2001953125,12700,2017-01-25
13892526,DRYS,3949.39990234375,2920.39990234375,2456.75854492188,2891.0,3949.39990234375,16200,2017-01-26
13892539,DRYS,2763.60009765625,1950.1999511718802,1640.5871582031198,1930.59997558594,2763.60009765625,29100,2017-01-27
13892549,DRYS,2009.0,2410.80004882812,2028.06298828125,1950.1999511718802,2597.0,51400,2017-01-30
13892561,DRYS,3479.0,4949.0,4163.2998046875,3165.39990234375,5625.2001953125,168700,2017-01-31
13892570,DRYS,5919.2001953125,4527.60009765625,3808.80053710938,4331.60009765625,6252.39990234375,107600,2017-02-01
13892582,DRYS,4704.0,4096.39990234375,3446.0576171875,3773.0,4704.0,30400,2017-02-02
13892591,DRYS,3920.0,4096.39990234375,3446.0576171875,3822.0,4410.0,12900,2017-02-03
13892603,DRYS,4263.0,5497.7998046875,4624.97216796875,4165.0,5625.2001953125,50000,2017-02-06
13892613,DRYS,5644.7998046875,4733.39990234375,3981.92749023438,4655.0,5978.0,63100,2017-02-07
13892625,DRYS,4116.0,3910.19995117188,3289.41870117188,3763.19995117188,4312.0,25100,2017-02-08
13892636,DRYS,3969.0,3841.60009765625,3231.70971679688,3753.39990234375,4165.0,11200,2017-02-09
13892683,DRYS,3978.80004882812,3910.19995117188,3289.41870117188,3822.0,3988.60009765625,5600,2017-02-10
13892684,DRYS,3929.80004882812,4645.2001953125,3907.73046875,3920.0,4802.0,26600,2017-02-13
13892685,DRYS,4802.0,4302.2001953125,3619.18505859375,4184.60009765625,4870.60009765625,14900,2017-02-14
13892694,DRYS,4214.0,4194.39990234375,3528.4990234375,4067.0,4312.0,6600,2017-02-15
13892706,DRYS,4086.60009765625,4263.0,3586.20825195312,4086.60009765625,4390.39990234375,5600,2017-02-16
13892715,DRYS,4606.0,4380.60009765625,3685.13818359375,4312.0,4615.7998046875,11300,2017-02-17
13892727,DRYS,3557.39990234375,3214.39990234375,2704.08349609375,3185.0,3557.39990234375,25800,2017-02-21
13892736,DRYS,3253.60009765625,2646.0,2225.92260742188,2567.60009765625,3263.39990234375,27500,2017-02-22
13892748,DRYS,2401.0,2303.0,1937.37683105469,2097.19995117188,2450.0,26400,2017-02-23
13892757,DRYS,2205.0,2195.19995117188,1846.6911621093802,2097.19995117188,2381.39990234375,23700,2017-02-24
13892770,DRYS,1989.40002441406,1832.59997558594,1541.65734863281,1773.8000488281198,1999.1999511718802,49300,2017-02-27
13892780,DRYS,2077.60009765625,2018.8000488281198,1698.29638671875,1881.59997558594,2361.80004882812,62800,2017-02-28
13892793,DRYS,1960.0,1871.8000488281198,1574.6340332031198,1773.8000488281198,1960.0,31800,2017-03-01
13892803,DRYS,1822.8000488281198,1538.59997558594,1294.33264160156,1538.59997558594,1832.59997558594,32600,2017-03-02
13892815,DRYS,1636.59997558594,1342.59997558594,1129.44946289062,1283.80004882812,1705.1999511718802,65100,2017-03-03
13892825,DRYS,1313.19995117188,1283.80004882812,1079.98461914062,1225.0,1421.0,30100,2017-03-06
13892837,DRYS,1323.0,1244.59997558594,1047.00793457031,1225.0,1372.0,27700,2017-03-07
13892847,DRYS,1293.59997558594,1558.1999511718802,1310.82092285156,1234.80004882812,1568.0,44400,2017-03-08
13892860,DRYS,1519.0,1862.0,1566.39001464844,1450.40002441406,1979.59997558594,86100,2017-03-09
13892870,DRYS,1852.1999511718802,1803.1999511718802,1516.92492675781,1685.59997558594,2077.60009765625,81500,2017-03-10
13892882,DRYS,1793.40002441406,1734.59997558594,1475.25109863281,1685.59997558594,1891.40002441406,25900,2017-03-13
13892892,DRYS,1813.0,1764.0,1500.25524902344,1617.0,1822.8000488281198,25700,2017-03-14
13892905,DRYS,1754.1999511718802,1675.8000488281198,1425.24267578125,1646.40002441406,1754.1999511718802,18500,2017-03-15
13892915,DRYS,1617.0,1793.40002441406,1525.25964355469,1528.8000488281198,1871.8000488281198,44400,2017-03-16
13892926,DRYS,1813.0,1636.59997558594,1391.9035644531198,1617.0,1813.0,40100,2017-03-17
13892936,DRYS,1323.0,1352.40002441406,1150.19592285156,1205.40002441406,1421.0,58500,2017-03-20
13892948,DRYS,1352.40002441406,1381.8000488281198,1175.20007324219,1323.0,1440.59997558594,23800,2017-03-21
13892958,DRYS,1352.40002441406,1313.19995117188,1116.85693359375,1303.40002441406,1381.8000488281198,20000,2017-03-22
13892970,DRYS,1323.0,1372.0,1166.86535644531,1274.0,1411.1999511718802,19000,2017-03-23
13892980,DRYS,1381.8000488281198,1323.0,1125.19140625,1303.40002441406,1450.40002441406,15700,2017-03-24
13892992,DRYS,1362.19995117188,1372.0,1166.86535644531,1303.40002441406,1401.40002441406,9700,2017-03-27
13893002,DRYS,1430.8000488281198,1470.0,1250.212890625,1421.0,1509.1999511718802,21800,2017-03-28
13893014,DRYS,1597.40002441406,1715.0,1458.58154296875,1538.59997558594,1813.0,47900,2017-03-29
13893024,DRYS,1783.59997558594,1607.1999511718802,1366.89929199219,1558.1999511718802,1862.0,36300,2017-03-30
13893037,DRYS,1617.0,1617.0,1375.2341308593802,1528.8000488281198,1675.8000488281198,14400,2017-03-31
13893071,DRYS,1352.40002441406,1313.19995117188,1116.85693359375,1264.19995117188,1401.40002441406,55500,2017-04-03
13893084,DRYS,1274.0,1215.19995117188,1033.50927734375,1185.80004882812,1293.59997558594,49900,2017-04-04
13893094,DRYS,1176.0,1009.4000244140599,858.4795532226559,980.0,1195.59997558594,61900,2017-04-05
13893111,DRYS,1019.20001220703,1009.4000244140599,858.4795532226559,891.7999877929691,1029.0,42000,2017-04-06
13893120,DRYS,784.0,686.0,583.432678222656,686.0,793.7999877929691,44000,2017-04-07
13893133,DRYS,627.200012207031,607.5999755859381,516.754638671875,568.4000244140619,637.0,34100,2017-04-10
13893144,DRYS,529.200012207031,426.299987792969,362.561706542969,423.850006103516,529.200012207031,80400,2017-04-11
13893156,DRYS,455.700012207031,531.6500244140619,452.160308837891,396.899993896484,548.799987792969,120000,2017-04-12
13893165,DRYS,514.5,492.450012207031,418.82131958007795,477.75,573.299987792969,98500,2017-04-13
13893178,DRYS,477.75,472.850006103516,402.15182495117205,443.450012207031,482.649993896484,31300,2017-04-17
13893187,DRYS,443.450012207031,418.950012207031,356.310668945312,416.5,480.200012207031,43800,2017-04-18
13893200,DRYS,421.399993896484,433.649993896484,368.81277465820295,411.600006103516,448.350006103516,37600,2017-04-19
13893210,DRYS,441.0,414.049987792969,352.143249511719,411.600006103516,445.899993896484,19900,2017-04-20
13893221,DRYS,416.5,379.75,322.971649169922,374.850006103516,418.950012207031,44700,2017-04-21
13893231,DRYS,379.75,320.95001220703097,272.963134765625,311.149993896484,379.75,62300,2017-04-24
13893243,DRYS,330.75,325.850006103516,277.130523681641,325.850006103516,355.25,42200,2017-04-25
13893253,DRYS,335.649993896484,301.350006103516,256.29364013671903,301.350006103516,338.100006103516,34600,2017-04-26
13893265,DRYS,328.29998779296903,325.850006103516,286.44580078125,296.45001220703097,335.649993896484,53900,2017-04-27
13893273,DRYS,343.0,318.5,279.984649658203,311.149993896484,345.450012207031,26400,2017-04-28
13893274,DRYS,313.600006103516,257.25,226.14143371582,257.25,320.95001220703097,56100,2017-05-01
13893287,DRYS,259.70001220703097,259.70001220703097,228.295166015625,257.25,271.95001220703097,33700,2017-05-02
13893297,DRYS,178.850006103516,181.300003051758,159.375885009766,159.25,200.899993896484,84800,2017-05-03
13893309,DRYS,181.300003051758,203.350006103516,178.759414672852,181.300003051758,208.25,26600,2017-05-04
13893318,DRYS,191.100006103516,242.550003051758,213.21907043457,191.100006103516,291.54998779296903,111100,2017-05-05
13893331,DRYS,264.600006103516,252.350006103516,221.83396911621102,235.199996948242,264.600006103516,36400,2017-05-08
13893341,DRYS,247.449996948242,225.399993896484,198.142959594727,215.600006103516,249.899993896484,25600,2017-05-09
13893353,DRYS,225.399993896484,235.199996948242,206.757888793945,210.699996948242,249.899993896484,41000,2017-05-10
13893363,DRYS,204.050003051758,186.550003051758,163.99099731445298,182.0,236.25,180200,2017-05-11
13893375,DRYS,192.5,177.449996948242,155.991439819336,168.699996948242,192.5,116900,2017-05-12
13893385,DRYS,164.5,155.75,136.91555786132798,151.199996948242,171.5,101500,2017-05-15
13893397,DRYS,151.550003051758,140.699996948242,123.685516357422,138.600006103516,152.600006103516,77800,2017-05-16
13893407,DRYS,137.899993896484,145.600006103516,127.992973327637,131.949996948242,152.949996948242,131800,2017-05-17
13893417,DRYS,145.25,148.75,130.76203918457,141.050003051758,158.550003051758,88000,2017-05-18
13893427,DRYS,150.5,140.0,123.07015991210899,138.949996948242,156.449996948242,71800,2017-05-19
13893439,DRYS,134.050003051758,119.699996948242,105.224990844727,119.349998474121,135.449996948242,78100,2017-05-22
13893449,DRYS,116.900001525879,110.25,96.91775512695308,109.199996948242,118.650001525879,66900,2017-05-23
13893461,DRYS,109.199996948242,106.050003051758,93.2256546020508,102.550003051758,111.300003051758,62600,2017-05-24
13893471,DRYS,105.699996948242,106.75,93.84100341796879,103.949996948242,116.900001525879,98300,2017-05-25
13893483,DRYS,108.5,99.0500030517578,87.0721435546875,98.0,109.550003051758,79300,2017-05-26
13893492,DRYS,96.25,95.1999969482422,83.6877136230469,88.5500030517578,99.0500030517578,103400,2017-05-30
13893504,DRYS,93.0999984741211,83.3000030517578,73.22674560546879,82.5999984741211,94.1500015258789,75800,2017-05-31
13893513,DRYS,80.8499984741211,89.5999984741211,78.7649002075195,77.0,95.5500030517578,154200,2017-06-01
13893525,DRYS,85.0500030517578,80.5,70.7653503417969,78.4000015258789,88.5500030517578,80800,2017-06-02
13893536,DRYS,75.9499969482422,67.90000152587889,59.6890335083008,67.5500030517578,75.9499969482422,142200,2017-06-05
13893548,DRYS,66.5,73.5,64.61183929443361,61.9500007629395,80.1500015258789,215900,2017-06-06
13893559,DRYS,70.34999847412111,62.6500015258789,55.073902130127,61.5999984741211,72.4499969482422,169700,2017-06-07
13893571,DRYS,66.5,66.5,58.45832824707029,61.5999984741211,72.4499969482422,178200,2017-06-08
13893581,DRYS,65.09999847412111,68.9499969482422,60.6120529174805,64.75,71.75,150500,2017-06-09
13893594,DRYS,67.5500030517578,65.09999847412111,57.227622985839794,63.0,70.0,107300,2017-06-12
13893604,DRYS,65.8000030517578,68.25,59.996707916259794,64.40000152587889,79.8000030517578,421200,2017-06-13
13893617,DRYS,71.75,62.6500015258789,55.073902130127,61.5999984741211,71.75,272500,2017-06-14
13893626,DRYS,62.6500015258789,59.5,52.3048210144043,56.7000007629395,63.7000007629395,204000,2017-06-15
13893637,DRYS,58.4500007629395,61.25,53.843196868896506,57.0499992370605,62.6500015258789,111500,2017-06-16
13893647,DRYS,46.9000015258789,41.6500015258789,36.613372802734396,41.2999992370605,47.25,389300,2017-06-19
13893659,DRYS,41.2999992370605,35.7000007629395,31.3828964233398,34.2999992370605,41.2999992370605,273700,2017-06-20
13893669,DRYS,34.2999992370605,29.75,26.152410507202102,29.399999618530302,34.2999992370605,225200,2017-06-21
13893681,DRYS,25.760000228881804,19.8099994659424,17.4144268035889,19.7399997711182,25.760000228881804,1476700,2017-06-22
13893691,DRYS,18.1299991607666,17.0799999237061,15.0145606994629,17.0100002288818,19.5300006866455,970100,2017-06-23
13893703,DRYS,15.3299999237061,16.379999160766598,14.399209022522,14.8400001525879,16.5900001525879,552000,2017-06-26
13893713,DRYS,16.520000457763697,17.8500003814697,15.6914482116699,15.75,19.7399997711182,1363500,2017-06-27
13893726,DRYS,16.7999992370605,13.4399995803833,11.814736366272,13.4399995803833,16.870000839233402,1677900,2017-06-28
13893736,DRYS,12.529999732971199,11.970000267028801,10.522500038147,11.619999885559098,13.0900001525879,812100,2017-06-29
13893748,DRYS,11.270000457763699,8.89000034332275,7.8149552345275906,8.81999969482422,11.7600002288818,1144800,2017-06-30
13893758,DRYS,7.349999904632571,7.21000003814697,6.33811378479004,7.139999866485599,8.189999580383299,861300,2017-07-03
13893770,DRYS,10.1499996185303,7.98000001907349,7.01499938964844,7.21000003814697,10.1499996185303,3947700,2017-07-05
13893779,DRYS,7.699999809265139,7.4899997711181605,6.58425378799438,7.139999866485599,8.68000030517578,1361100,2017-07-06
13893792,DRYS,7.90999984741211,7.349999904632571,6.46118402481079,7.0,7.98000001907349,1070700,2017-07-07
13893801,DRYS,6.92999982833862,6.44000005722046,5.66122817993164,6.23000001907349,7.07000017166138,1087600,2017-07-10
13893813,DRYS,7.42000007629395,6.650000095367429,5.84583330154419,6.44000005722046,7.42000007629395,1102500,2017-07-11
13893823,DRYS,6.650000095367429,6.57999992370605,5.78429746627808,6.23000001907349,7.349999904632571,1159300,2017-07-12
13893835,DRYS,6.71999979019165,6.92999982833862,6.09197282791138,6.44000005722046,7.139999866485599,995200,2017-07-13
13893844,DRYS,7.0,6.71999979019165,5.90736818313599,6.650000095367429,7.55999994277954,1665800,2017-07-14
13893856,DRYS,6.71999979019165,6.23000001907349,5.47662210464478,5.949999809265139,6.78999996185303,857200,2017-07-17
13893866,DRYS,5.7399997711181605,5.80999994277954,5.71054840087891,5.67000007629395,6.23000001907349,889900,2017-07-18
13893878,DRYS,3.99000000953674,3.5,3.4400894641876203,3.5,4.05999994277954,1881600,2017-07-19
13893888,DRYS,3.2899999618530296,3.00999999046326,2.9584767818450897,2.9400000572204603,4.19999980926514,1599900,2017-07-20
13893900,DRYS,1.58000004291534,2.17000007629395,2.13285565376282,1.26999998092651,3.83999991416931,36085600,2017-07-21
13893909,DRYS,2.5,1.66999995708466,1.64141416549683,1.64999997615814,2.99000000953674,40947700,2017-07-24
13893921,DRYS,1.66999995708466,1.4099999666213998,1.38586473464966,1.36000001430511,1.66999995708466,14766000,2017-07-25
13893931,DRYS,1.25999999046326,1.03999996185303,1.02219808101654,1.01999998092651,1.28999996185303,15812600,2017-07-26
13893942,DRYS,1.05999994277954,1.20000004768372,1.17945921421051,0.980000019073486,1.28999996185303,21790900,2017-07-27
13893950,DRYS,1.29999995231628,1.20000004768372,1.17945921421051,1.16999995708466,1.37999999523163,16383500,2017-07-28
13893962,DRYS,1.1000000238418601,1.08000004291534,1.06151330471039,1.01999998092651,1.16999995708466,7860800,2017-07-31
13893970,DRYS,1.02999997138977,1.7599999904632602,1.72987365722656,1.02999997138977,1.78999996185303,37689800,2017-08-01
13893982,DRYS,1.67999994754791,1.3400000333786,1.31706285476685,1.32000005245209,1.87999999523163,37982300,2017-08-02
13893992,DRYS,1.32000005245209,1.23000001907349,1.2089456319808998,1.20000004768372,1.4900000095367398,16399100,2017-08-03
13894004,DRYS,1.35000002384186,1.37000000476837,1.34654927253723,1.27999997138977,1.5,12606600,2017-08-04
13894015,DRYS,1.30999994277954,1.29999995231628,1.27774751186371,1.27999997138977,1.46000003814697,6620900,2017-08-07
13894028,DRYS,1.37999999523163,1.42999994754791,1.40552222728729,1.26999998092651,1.5599999427795401,13058800,2017-08-08
13894039,DRYS,1.46000003814697,1.7699999809265101,1.73970246315002,1.36000001430511,1.85000002384186,26895200,2017-08-09
13894051,DRYS,1.8099999427795401,2.04999995231628,2.0149097442627,1.7300000190734899,2.25,45385000,2017-08-10
13894062,DRYS,4.1399998664856,3.0999999046325697,3.0469362735748304,2.8699998855590803,4.230000019073491,52671800,2017-08-11
13894075,DRYS,3.1900000572204603,3.3499999046325697,3.29265689849854,2.8499999046325697,3.6199998855590803,23643100,2017-08-14
13894084,DRYS,3.4300000667572004,3.52999997138977,3.4695758819580096,3.3800001144409197,3.77999997138977,21367300,2017-08-15
13894097,DRYS,3.5399999618530296,3.1900000572204603,3.1353960037231405,3.0999999046325697,3.74000000953674,16405200,2017-08-16
13894107,DRYS,3.02999997138977,3.20000004768372,3.14522480964661,2.9300000667572004,3.45000004768372,13061500,2017-08-17
13894119,DRYS,3.27999997138977,3.3499999046325697,3.29265689849854,3.2100000381469704,3.45000004768372,8935000,2017-08-18
13894127,DRYS,3.4600000381469704,3.3099999427795397,3.25334191322327,3.22000002861023,3.54999995231628,5113900,2017-08-21
13894139,DRYS,3.2699999809265097,3.0699999332427996,3.0174496173858603,3.0199999809265097,3.27999997138977,6650800,2017-08-22
13894149,DRYS,3.0699999332427996,3.1800000667572004,3.1255671977996804,2.92000007629395,3.1900000572204603,6156500,2017-08-23
13894161,DRYS,3.1500000953674303,3.08999991416931,3.0371077060699503,3.0399999618530296,3.16000008583069,3397300,2017-08-24
13894171,DRYS,3.0599999427795397,3.0599999427795397,3.00762128829956,3.04999995231628,3.20000004768372,2950500,2017-08-25
13894183,DRYS,3.1300001144409197,3.08999991416931,3.0371077060699503,3.02999997138977,3.17000007629395,2580800,2017-08-28
13894192,DRYS,3.10999989509583,3.4400000572204603,3.38111662864685,3.02999997138977,3.45000004768372,7038900,2017-08-29
13894205,DRYS,3.47000002861023,3.0399999618530296,2.98796319961548,3.02999997138977,3.5,12017700,2017-08-30
13894215,DRYS,2.47000002861023,2.72000002861023,2.6734411716461204,2.4500000476837203,2.82999992370605,11901000,2017-08-31
13894228,DRYS,2.7100000381469704,2.25999999046326,2.22131490707397,2.25,2.72000002861023,7165900,2017-09-01
13894237,DRYS,2.33999991416931,1.9900000095367398,1.9559367895126298,1.8400000333786002,2.4800000190734903,9398300,2017-09-05
13894253,DRYS,2.05999994277954,2.16000008583069,2.12302660942078,1.9800000190734899,2.1800000667572,4193600,2017-09-06
13894263,DRYS,2.2000000476837203,2.5399999618530296,2.49652218818665,2.2000000476837203,2.61999988555908,8712500,2017-09-07
13894276,DRYS,2.50999999046326,2.35999989509583,2.3196032047271697,2.2899999618530296,2.7100000381469704,7411800,2017-09-08
13894286,DRYS,2.42000007629395,2.49000000953674,2.44737792015076,2.36999988555908,2.57999992370605,3507900,2017-09-11
13894299,DRYS,2.5999999046325697,2.4500000476837203,2.4080629348754905,2.35999989509583,2.5999999046325697,3071400,2017-09-12
13894309,DRYS,2.4300000667572,2.47000002861023,2.42772030830383,2.35999989509583,2.5,2044300,2017-09-13
13894322,DRYS,2.4800000190734903,2.5499999523162797,2.5063507556915297,2.47000002861023,2.61999988555908,4054700,2017-09-14
13894332,DRYS,2.5499999523162797,2.5499999523162797,2.5063507556915297,2.47000002861023,2.58999991416931,1682100,2017-09-15
13894344,DRYS,2.58999991416931,2.5399999618530296,2.49652218818665,2.5,2.64000010490417,1713700,2017-09-18
13894354,DRYS,2.57999992370605,2.52999997138977,2.4866931438446,2.49000000953674,2.58999991416931,1175900,2017-09-19
13894366,DRYS,2.5399999618530296,2.4800000190734903,2.43754935264587,2.47000002861023,2.5499999523162797,1549400,2017-09-20
13894376,DRYS,2.5,2.5499999523162797,2.5063507556915297,2.42000007629395,2.57999992370605,1406800,2017-09-21
13894388,DRYS,2.52999997138977,2.5,2.45720672607422,2.44000005722046,2.57999992370605,1684900,2017-09-22
13894398,DRYS,2.47000002861023,2.3199999332428,2.28028798103333,2.30999994277954,2.5,2652100,2017-09-25
13894410,DRYS,2.32999992370605,2.3499999046325697,2.30977439880371,2.2000000476837203,2.35999989509583,1558500,2017-09-26
13894420,DRYS,2.3499999046325697,2.4500000476837203,2.4080629348754905,2.3199999332428,2.49000000953674,2251300,2017-09-27
13894432,DRYS,2.4600000381469704,2.5,2.45720672607422,2.42000007629395,2.5199999809265097,1622200,2017-09-28
13894442,DRYS,2.5199999809265097,2.4600000381469704,2.4178912639617898,2.39000010490417,2.5199999809265097,1512700,2017-09-29
13894454,DRYS,2.4300000667572,2.75999999046326,2.71275663375854,2.35999989509583,2.79999995231628,4765500,2017-10-02
13894463,DRYS,2.97000002861023,2.89000010490417,2.84053111076355,2.8499999046325697,3.2300000190734903,9984700,2017-10-03
13894475,DRYS,3.1800000667572004,3.1300001144409197,3.07642292976379,3.0,3.22000002861023,4884000,2017-10-04
13894485,DRYS,3.2100000381469704,3.0599999427795397,3.00762128829956,2.9400000572204603,3.2100000381469704,3268000,2017-10-05
13894497,DRYS,3.10999989509583,3.32999992370605,3.27299952507019,3.00999999046326,3.45000004768372,8132300,2017-10-06
13894508,DRYS,3.3199999332427996,3.25,3.1943690776825,3.1800000667572004,3.42000007629395,2776400,2017-10-09
13894521,DRYS,3.2899999618530296,3.33999991416931,3.28282833099365,3.25999999046326,3.4800000190734903,4106500,2017-10-10
13894530,DRYS,3.3499999046325697,3.3499999046325697,3.29265689849854,3.25999999046326,3.39000010490417,2239000,2017-10-11
13894541,DRYS,3.3199999332427996,3.08999991416931,3.0371077060699503,3.0699999332427996,3.32999992370605,2870100,2017-10-12
13894550,DRYS,3.07999992370605,3.17000007629395,3.1157381534576403,2.85999989509583,3.20000004768372,4437000,2017-10-13
13894562,DRYS,3.20000004768372,3.22000002861023,3.16488265991211,3.1300001144409197,3.33999991416931,2342700,2017-10-16
13894572,DRYS,3.25,3.2100000381469704,3.1550536155700697,3.1900000572204603,3.32999992370605,2351300,2017-10-17
13894583,DRYS,3.25999999046326,3.1199998855590803,3.0665941238403303,3.07999992370605,3.2699999809265097,1204000,2017-10-18
13894591,DRYS,3.1800000667572004,3.14000010490417,3.08625173568726,3.0699999332427996,3.1800000667572004,1709100,2017-10-19
13894603,DRYS,3.1500000953674303,3.60999989509583,3.54820656776428,3.1500000953674303,3.7899999618530296,9069600,2017-10-20
13894613,DRYS,3.6800000667572004,3.82999992370605,3.7644410133361803,3.66000008583069,4.449999809265139,21583400,2017-10-23
13894625,DRYS,4.07000017166138,4.05999994277954,3.99050378799438,3.67000007629395,4.1399998664856,6037500,2017-10-24
13894634,DRYS,4.15999984741211,5.0,4.91441345214844,4.07999992370605,5.59000015258789,25325900,2017-10-25
13894646,DRYS,4.73999977111816,4.65000009536743,4.59244823455811,4.40999984741211,5.17999982833862,14451000,2017-10-26
13894656,DRYS,4.73999977111816,4.800000190734861,4.740592002868651,4.65000009536743,5.01000022888184,5851300,2017-10-27
13894657,DRYS,5.0,4.30000019073486,4.24678039550781,4.099999904632569,5.0,8378900,2017-10-30
13894669,DRYS,4.40999984741211,4.19999980926514,4.14801788330078,4.17999982833862,4.59999990463257,5184700,2017-10-31
13894679,DRYS,4.17000007629395,3.89000010490417,3.8418550491332994,3.7300000190734903,4.2800002098083505,5790100,2017-11-01
13894691,DRYS,3.85999989509583,4.0,3.95049333572388,3.8199999332427996,4.17999982833862,3177000,2017-11-02
13894700,DRYS,4.019999980926509,4.3899998664856,4.33566617965698,4.019999980926509,4.78999996185303,18848700,2017-11-03
13894712,DRYS,4.699999809265139,4.48999977111816,4.434428691864009,4.2199997901916495,5.01000022888184,13661700,2017-11-06
13894722,DRYS,4.84000015258789,4.36999988555908,4.31591415405273,4.30000019073486,4.84999990463257,6573900,2017-11-07
13894734,DRYS,4.30000019073486,4.11999988555908,4.06900835037231,3.9300000667572004,4.349999904632569,4820000,2017-11-08
13894744,DRYS,4.0,4.19000005722046,4.13814163208008,3.9300000667572004,4.38000011444092,2505500,2017-11-09
13894756,DRYS,4.1100001335144,4.099999904632569,4.04925537109375,4.05000019073486,4.17000007629395,1821200,2017-11-10
13894765,DRYS,4.1100001335144,3.97000002861023,3.9208648204803502,3.95000004768372,4.1399998664856,2272600,2017-11-13
13894777,DRYS,3.9400000572204603,4.03999996185303,3.98999810218811,3.6300001144409197,4.25,6531400,2017-11-14
13894786,DRYS,3.82999992370605,3.8199999332427996,3.7727210521698,3.72000002861023,3.95000004768372,3020400,2017-11-15
13894798,DRYS,3.79999995231628,3.75999999046326,3.71346378326416,3.7100000381469704,3.8499999046325697,1851200,2017-11-16
13894808,DRYS,3.97000002861023,3.85999989509583,3.8122258186340297,3.77999997138977,4.11999988555908,4074100,2017-11-17
13894820,DRYS,4.05000019073486,4.150000095367431,4.09863662719727,3.9300000667572004,4.19000005722046,4340700,2017-11-20
13894830,DRYS,4.230000019073491,4.36999988555908,4.31591415405273,4.13000011444092,4.5,7836400,2017-11-21
13894842,DRYS,3.8699998855590803,3.95000004768372,3.90111231803894,3.8699998855590803,4.19000005722046,5291400,2017-11-22
13894851,DRYS,3.9400000572204603,3.99000000953674,3.94061732292175,3.89000010490417,4.1100001335144,1442500,2017-11-24
13894863,DRYS,4.0,4.11999988555908,4.06900835037231,3.8800001144409197,4.17000007629395,3702900,2017-11-27
13894872,DRYS,4.07999992370605,4.0,3.95049333572388,3.95000004768372,4.2199997901916495,2685700,2017-11-28
13894884,DRYS,4.019999980926509,4.11999988555908,4.06900835037231,3.9600000381469704,4.26000022888184,4372300,2017-11-29
13894893,DRYS,4.17000007629395,4.25,4.1973991394042995,4.15999984741211,4.46999979019165,4140300,2017-11-30
13894905,DRYS,4.36999988555908,4.150000095367431,4.09863662719727,4.03999996185303,4.40000009536743,2632500,2017-12-01
13894915,DRYS,4.269999980926509,4.230000019073491,4.17764663696289,4.1399998664856,4.32000017166138,2186800,2017-12-04
13894927,DRYS,4.19999980926514,3.95000004768372,3.90111231803894,3.92000007629395,4.21000003814697,3172600,2017-12-05
13894937,DRYS,3.92000007629395,3.8499999046325697,3.8023498058319105,3.82999992370605,4.0300002098083505,1894500,2017-12-06
13894948,DRYS,3.8199999332427996,3.91000008583069,3.8616073131561297,3.8199999332427996,4.05000019073486,1682900,2017-12-07
13894958,DRYS,4.0,4.019999980926509,3.9702458381652797,3.9600000381469704,4.150000095367431,1652200,2017-12-08
13894970,DRYS,4.05999994277954,4.07000017166138,4.0196270942688,3.99000000953674,4.17000007629395,1872500,2017-12-11
13894980,DRYS,4.09000015258789,3.9000000953674303,3.85173106193542,3.8800001144409197,4.099999904632569,1934300,2017-12-12
13894992,DRYS,3.9300000667572004,3.8699998855590803,3.8221023082733194,3.8499999046325697,3.99000000953674,1207600,2017-12-13
13895002,DRYS,3.8499999046325697,3.7100000381469704,3.6640825271606405,3.6800000667572004,3.89000010490417,2254100,2017-12-14
13895014,DRYS,3.75,3.8099999427795397,3.7628448009491002,3.75,3.8699998855590803,1350400,2017-12-15
13895024,DRYS,3.8199999332427996,3.74000000953674,3.69371151924133,3.72000002861023,3.8800001144409197,1464800,2017-12-18
13895036,DRYS,3.70000004768372,3.64000010490417,3.5949492454528795,3.6300001144409197,3.8099999427795397,1388700,2017-12-19
13895046,DRYS,3.6199998855590803,3.5199999809265097,3.47643423080444,3.3699998855590803,3.64000010490417,2696000,2017-12-20
13895057,DRYS,3.4800000190734903,3.4600000381469704,3.4171769618987997,3.3800001144409197,3.5199999809265097,1380600,2017-12-21
13895066,DRYS,3.4400000572204603,3.4800000190734903,3.4369292259216295,3.4000000953674303,3.57999992370605,1367100,2017-12-22
13895078,DRYS,3.45000004768372,3.35999989509583,3.3184144496917702,3.32999992370605,3.49000000953674,1209500,2017-12-26
13895088,DRYS,3.4600000381469704,3.70000004768372,3.65420651435852,3.41000008583069,3.7899999618530296,2994100,2017-12-27
13895100,DRYS,3.70000004768372,3.5399999618530296,3.49618673324585,3.5199999809265097,3.70000004768372,1527000,2017-12-28
13895110,DRYS,3.5399999618530296,3.52999997138977,3.4863102436065696,3.50999999046326,3.74000000953674,1697800,2017-12-29
13895122,DRYS,3.5599999427795397,3.7100000381469704,3.6640825271606405,3.52999997138977,3.72000002861023,1144200,2018-01-02
13895132,DRYS,3.72000002861023,3.8800001144409197,3.83197855949402,3.67000007629395,4.05000019073486,2817300,2018-01-03
13895144,DRYS,3.92000007629395,3.8800001144409197,3.83197855949402,3.77999997138977,4.03999996185303,1798600,2018-01-04
13895154,DRYS,3.89000010490417,3.8199999332427996,3.7727210521698,3.77999997138977,4.0300002098083505,1887100,2018-01-05
13895166,DRYS,3.8199999332427996,3.85999989509583,3.8122258186340297,3.7899999618530296,3.89000010490417,926900,2018-01-08
13895176,DRYS,3.89000010490417,3.7899999618530296,3.74309253692627,3.77999997138977,3.9000000953674303,677100,2018-01-09
13895188,DRYS,3.75,3.7899999618530296,3.74309253692627,3.70000004768372,3.8699998855590803,946400,2018-01-10
13895198,DRYS,3.75999999046326,3.79999995231628,3.75296854972839,3.75,3.9000000953674303,1051500,2018-01-11
13895210,DRYS,3.79999995231628,3.7899999618530296,3.74309253692627,3.75,3.8699998855590803,1024500,2018-01-12
13895220,DRYS,3.77999997138977,3.75999999046326,3.71346378326416,3.6500000953674303,3.8099999427795397,1050800,2018-01-16
13895232,DRYS,3.7300000190734903,3.70000004768372,3.65420651435852,3.64000010490417,3.77999997138977,830400,2018-01-17
13895242,DRYS,3.6900000572204603,3.6900000572204603,3.6443302631378196,3.67000007629395,3.77999997138977,545100,2018-01-18
13895254,DRYS,3.6900000572204603,3.6199998855590803,3.5751965045928995,3.5999999046325697,3.6900000572204603,672700,2018-01-19
13895264,DRYS,3.6199998855590803,3.6199998855590803,3.5751965045928995,3.60999989509583,3.7100000381469704,764600,2018-01-22
13895277,DRYS,3.6199998855590803,3.5999999046325697,3.5554440021514906,3.5599999427795397,3.6800000667572004,859700,2018-01-23
13895287,DRYS,3.57999992370605,3.6300001144409197,3.5850727558136,3.54999995231628,3.67000007629395,636300,2018-01-24
13895299,DRYS,3.5999999046325697,3.58999991416931,3.54556775093079,3.54999995231628,3.6800000667572004,775000,2018-01-25
13895308,DRYS,3.58999991416931,3.52999997138977,3.4863102436065696,3.50999999046326,3.6300001144409197,789300,2018-01-26
13895321,DRYS,3.52999997138977,3.4800000190734903,3.4369292259216295,3.41000008583069,3.54999995231628,1072800,2018-01-29
13895329,DRYS,3.4600000381469704,3.3199999332427996,3.27890944480896,3.2100000381469704,3.47000002861023,1760600,2018-01-30
13895355,DRYS,3.3099999427795397,3.35999989509583,3.3184144496917702,3.2699999809265097,3.4300000667572004,624600,2018-01-31
13895365,DRYS,3.3699998855590803,3.2699999809265097,3.22952842712402,3.2699999809265097,3.41000008583069,458600,2018-02-01
13895449,DRYS,3.25,3.1300001144409197,3.09126114845276,3.08999991416931,3.27999997138977,1428300,2018-02-02
13895459,DRYS,3.0599999427795397,2.91000008583069,2.87398409843445,2.89000010490417,3.35999989509583,2596100,2018-02-05
13895478,DRYS,2.75,2.8499999046325697,2.81472635269165,2.74000000953674,2.92000007629395,2214800,2018-02-06
13895513,DRYS,3.41000008583069,3.58999991416931,3.54556775093079,3.3499999046325697,3.77999997138977,12341300,2018-02-07
13895530,DRYS,3.8099999427795397,3.4400000572204603,3.3974244594573997,3.42000007629395,4.0,4795000,2018-02-08
13895539,DRYS,3.50999999046326,3.3199999332427996,3.27890944480896,3.1800000667572004,3.6300001144409197,2292400,2018-02-09
13895556,DRYS,3.4300000667572004,3.41000008583069,3.36779570579529,3.32999992370605,3.45000004768372,895100,2018-02-12
13895571,DRYS,3.4000000953674303,3.75,3.70358753204346,3.3499999046325697,3.8199999332427996,2499100,2018-02-13
13895583,DRYS,3.77999997138977,3.74000000953674,3.69371151924133,3.64000010490417,3.8199999332427996,1520600,2018-02-14
13895593,DRYS,3.7300000190734903,3.7899999618530296,3.74309253692627,3.66000008583069,3.8699998855590803,1522500,2018-02-15
13895618,DRYS,3.7899999618530296,3.7300000190734903,3.7073113918304403,3.6800000667572004,3.9300000667572004,1567700,2018-02-16
13895629,DRYS,3.7100000381469704,3.6300001144409197,3.60791993141174,3.6300001144409197,3.7699999809265097,607500,2018-02-20
13895641,DRYS,3.64000010490417,3.5399999618530296,3.51846718788147,3.5199999809265097,3.6900000572204603,632000,2018-02-21
13895650,DRYS,3.5699999332427996,3.39000010490417,3.36937975883484,3.3499999046325697,3.5999999046325697,1583200,2018-02-22
13895661,DRYS,3.4000000953674303,3.41000008583069,3.3892581462860094,3.3800001144409197,3.47000002861023,569100,2018-02-23
13895671,DRYS,3.4600000381469704,3.75999999046326,3.7371289730072004,3.4600000381469704,3.7699999809265097,1627600,2018-02-26
13895683,DRYS,3.7899999618530296,3.72000002861023,3.6973724365234397,3.6500000953674303,3.82999992370605,1528100,2018-02-27
13895692,DRYS,3.57999992370605,3.49000000953674,3.4687714576721205,3.39000010490417,3.67000007629395,2300700,2018-02-28
13895706,DRYS,3.4600000381469704,3.50999999046326,3.48864960670471,3.41000008583069,3.5699999332427996,882200,2018-03-01
13895719,DRYS,3.45000004768372,3.54999995231628,3.5284063816070597,3.4300000667572004,3.57999992370605,549900,2018-03-02
13895731,DRYS,3.54999995231628,3.6199998855590803,3.59798049926758,3.50999999046326,3.6500000953674303,765300,2018-03-05
13895741,DRYS,3.6800000667572004,3.7899999618530296,3.76694655418396,3.6199998855590803,3.82999992370605,1461000,2018-03-06
13895806,DRYS,3.7300000190734903,3.6800000667572004,3.6576156616210898,3.6500000953674303,3.75999999046326,732600,2018-03-07
13895818,DRYS,3.6800000667572004,3.6900000572204603,3.66755485534668,3.67000007629395,3.79999995231628,719200,2018-03-08
13895845,DRYS,3.70000004768372,3.9400000572204603,3.91603422164917,3.6800000667572004,4.0,2531000,2018-03-09
13895854,DRYS,4.05000019073486,4.150000095367431,4.12475681304932,3.92000007629395,4.230000019073491,3517200,2018-03-12
13895866,DRYS,4.19000005722046,3.95000004768372,3.92597341537476,3.92000007629395,4.30000019073486,2512500,2018-03-13
13895876,DRYS,4.01000022888184,4.019999980926509,3.9955475330352797,3.9600000381469704,4.150000095367431,1677700,2018-03-14
13895889,DRYS,4.09000015258789,4.0300002098083505,4.00548696517944,4.019999980926509,4.480000019073491,3972400,2018-03-15
13895899,DRYS,4.07999992370605,4.17999982833862,4.1545739173889205,4.07999992370605,4.38000011444092,1373700,2018-03-16
13895910,DRYS,4.150000095367431,4.17000007629395,4.14463520050049,4.07999992370605,4.28999996185303,1513600,2018-03-19
13895919,DRYS,4.19999980926514,4.1399998664856,4.11481761932373,4.05999994277954,4.25,953500,2018-03-20
13895930,DRYS,4.1100001335144,4.15999984741211,4.13469552993774,4.05999994277954,4.21000003814697,1157100,2018-03-21
13895940,DRYS,4.17000007629395,4.07000017166138,4.04524374008179,4.05000019073486,4.19999980926514,911600,2018-03-22
13895961,DRYS,4.05999994277954,3.8699998855590803,3.8464598655700697,3.8499999046325697,4.07999992370605,1334400,2018-03-23
13895971,DRYS,3.95000004768372,4.0,3.97566914558411,3.9300000667572004,4.0300002098083505,723300,2018-03-26
13896025,DRYS,4.0300002098083505,3.75999999046326,3.7371289730072004,3.70000004768372,4.0300002098083505,1087900,2018-03-27
13896043,DRYS,3.7699999809265097,3.5999999046325697,3.5781021118164102,3.54999995231628,3.8099999427795397,990600,2018-03-28
13896056,DRYS,3.5999999046325697,3.66000008583069,3.63773727416992,3.58999991416931,3.75999999046326,632300,2018-03-29
13896066,DRYS,3.6500000953674303,3.5599999427795397,3.5383455753326403,3.49000000953674,3.7100000381469704,606700,2018-04-02
13896079,DRYS,3.58999991416931,3.52999997138977,3.50852799415588,3.47000002861023,3.6300001144409197,562600,2018-04-03
13896088,DRYS,3.45000004768372,3.47000002861023,3.4488930702209504,3.4000000953674303,3.5999999046325697,1046800,2018-04-04
13896099,DRYS,3.49000000953674,3.5399999618530296,3.51846718788147,3.49000000953674,3.5999999046325697,1044300,2018-04-05
13896109,DRYS,3.4800000190734903,3.41000008583069,3.3892581462860094,3.4000000953674303,3.54999995231628,501300,2018-04-06
13896129,DRYS,3.4400000572204603,3.4600000381469704,3.43895387649536,3.4400000572204603,3.5199999809265097,531800,2018-04-09
13896139,DRYS,3.50999999046326,3.6500000953674303,3.62779808044434,3.4300000667572004,3.67000007629395,753800,2018-04-10
13896151,DRYS,3.74000000953674,3.75,3.72718977928162,3.7300000190734903,3.89000010490417,861500,2018-04-11
13896162,DRYS,3.79999995231628,3.66000008583069,3.63773727416992,3.6300001144409197,3.8199999332427996,824300,2018-04-12
13896185,DRYS,3.70000004768372,3.74000000953674,3.71725058555603,3.5699999332427996,3.7699999809265097,783300,2018-04-13
13896195,DRYS,3.7699999809265097,3.8199999332427996,3.79676389694214,3.74000000953674,3.83999991416931,528200,2018-04-16
13896206,DRYS,3.7899999618530296,3.72000002861023,3.6973724365234397,3.70000004768372,3.8199999332427996,496400,2018-04-17
13896216,DRYS,3.8099999427795397,3.77999997138977,3.75700736045837,3.75999999046326,3.8699998855590803,517400,2018-04-18
13896238,DRYS,3.75,3.8199999332427996,3.79676389694214,3.75,3.89000010490417,464400,2018-04-19
13896249,DRYS,3.8099999427795397,3.7899999618530296,3.76694655418396,3.74000000953674,3.85999989509583,306800,2018-04-20
13896259,DRYS,3.89000010490417,3.8099999427795397,3.7868247032165496,3.7300000190734903,3.89000010490417,303300,2018-04-23
13896268,DRYS,3.8199999332427996,3.6900000572204603,3.66755485534668,3.66000008583069,3.85999989509583,542300,2018-04-24
13896278,DRYS,3.67000007629395,3.5399999618530296,3.51846718788147,3.5,3.70000004768372,716400,2018-04-25
13896288,DRYS,3.52999997138977,3.50999999046326,3.48864960670471,3.5,3.58999991416931,579000,2018-04-26
13896298,DRYS,3.52999997138977,3.50999999046326,3.48864960670471,3.5,3.5699999332427996,313500,2018-04-27
13896308,DRYS,3.54999995231628,3.4800000190734903,3.4588322639465297,3.45000004768372,3.54999995231628,324100,2018-04-30
13896318,DRYS,3.5,3.4300000667572004,3.4091362953186,3.4000000953674303,3.5199999809265097,383700,2018-05-01
13896327,DRYS,3.4800000190734903,3.5,3.47871041297913,3.42000007629395,3.50999999046326,371200,2018-05-02
13896337,DRYS,3.49000000953674,3.45000004768372,3.4290146827697794,3.4400000572204603,3.50999999046326,266600,2018-05-03
13896346,DRYS,3.5,3.5599999427795397,3.5383455753326403,3.4600000381469704,3.57999992370605,440800,2018-05-04
13896356,DRYS,3.57999992370605,3.54999995231628,3.5284063816070597,3.5199999809265097,3.58999991416931,438500,2018-05-07
13896366,DRYS,3.5999999046325697,3.6500000953674303,3.62779808044434,3.54999995231628,3.70000004768372,1401100,2018-05-08
13896377,DRYS,3.95000004768372,3.67000007629395,3.6476764678955096,3.6300001144409197,3.97000002861023,2601100,2018-05-09
13896386,DRYS,3.67000007629395,3.74000000953674,3.71725058555603,3.57999992370605,3.75,850300,2018-05-10
13896397,DRYS,3.72000002861023,3.74000000953674,3.71725058555603,3.6500000953674303,3.7899999618530296,868000,2018-05-11
13896408,DRYS,3.7899999618530296,3.85999989509583,3.83652067184448,3.70000004768372,3.89000010490417,1269700,2018-05-14
13896425,DRYS,3.85999989509583,3.74000000953674,3.71725058555603,3.72000002861023,3.8699998855590803,1385800,2018-05-15
13896426,DRYS,3.72000002861023,3.82999992370605,3.8067030906677206,3.70000004768372,3.89000010490417,1010500,2018-05-16
13896436,DRYS,3.8499999046325697,3.9000000953674303,3.87627744674683,3.79999995231628,3.97000002861023,1049100,2018-05-17
13896446,DRYS,3.91000008583069,3.83999991416931,3.81664228439331,3.8099999427795397,3.9400000572204603,774200,2018-05-18
13896455,DRYS,3.8499999046325697,3.89000010490417,3.8663382530212402,3.8099999427795397,3.9400000572204603,623600,2018-05-21
13896465,DRYS,3.89000010490417,4.07000017166138,4.04524374008179,3.85999989509583,4.11999988555908,1535700,2018-05-22
13896492,DRYS,4.07000017166138,4.1100001335144,4.08500003814697,4.05000019073486,4.23999977111816,1478800,2018-05-23
13896502,DRYS,4.05000019073486,4.17000007629395,4.17000007629395,4.019999980926509,4.30999994277954,1611700,2018-05-24
13896511,DRYS,4.150000095367431,4.05999994277954,4.05999994277954,3.95000004768372,4.230000019073491,899200,2018-05-25
13896521,DRYS,3.9800000190734903,3.97000002861023,3.97000002861023,3.79999995231628,3.9800000190734903,1417300,2018-05-29
13896531,DRYS,3.97000002861023,3.91000008583069,3.91000008583069,3.8800001144409197,4.05999994277954,983600,2018-05-30
13896541,DRYS,3.9300000667572004,3.9600000381469704,3.9600000381469704,3.91000008583069,4.07000017166138,1110100,2018-05-31
13896552,DRYS,4.099999904632569,3.9600000381469704,3.9600000381469704,3.8800001144409197,4.099999904632569,558200,2018-06-01
13896562,DRYS,3.9600000381469704,3.9300000667572004,3.9300000667572004,3.85999989509583,3.99000000953674,398000,2018-06-04
13896573,DRYS,3.95000004768372,4.19000005722046,4.19000005722046,3.95000004768372,4.19000005722046,941400,2018-06-05
13896582,DRYS,4.2199997901916495,4.09000015258789,4.09000015258789,4.07999992370605,4.2800002098083505,770000,2018-06-06
13896594,DRYS,4.09000015258789,4.1100001335144,4.1100001335144,4.09000015258789,4.15999984741211,395200,2018-06-07
13896604,DRYS,4.1399998664856,4.17000007629395,4.17000007629395,4.0,4.17000007629395,684500,2018-06-08
13896615,DRYS,4.17000007629395,4.21000003814697,4.21000003814697,4.150000095367431,4.38000011444092,950100,2018-06-11
13896625,DRYS,4.23999977111816,4.28999996185303,4.28999996185303,4.2199997901916495,4.3899998664856,655500,2018-06-12
13896636,DRYS,4.30999994277954,4.51000022888184,4.51000022888184,4.30999994277954,4.57999992370605,1113200,2018-06-13
13896646,DRYS,4.57000017166138,4.90999984741211,4.90999984741211,4.55999994277954,5.34000015258789,5378800,2018-06-14
13896658,DRYS,4.86999988555908,4.8600001335144,4.8600001335144,4.67000007629395,5.050000190734861,1990400,2018-06-15
13896669,DRYS,4.92999982833862,5.07000017166138,5.07000017166138,4.82000017166138,5.23999977111816,1590000,2018-06-18
13896681,DRYS,5.0,5.09999990463257,5.09999990463257,4.82999992370605,5.21999979019165,1501000,2018-06-19
13896726,DRYS,5.17999982833862,5.17000007629395,5.17000007629395,5.1100001335144,5.30999994277954,1280100,2018-06-20
13896748,DRYS,5.1399998664856,5.78000020980835,5.78000020980835,4.90999984741211,6.28999996185303,4849200,2018-06-21
13896758,DRYS,5.76999998092651,6.28999996185303,6.28999996185303,5.40999984741211,6.900000095367429,8702800,2018-06-22
13896811,DRYS,6.34000015258789,6.53000020980835,6.53000020980835,6.21999979019165,6.900000095367429,5278600,2018-06-25
13896837,DRYS,6.599999904632571,6.099999904632571,6.099999904632571,5.84000015258789,6.73000001907349,3419300,2018-06-26
13896866,DRYS,6.0,5.59000015258789,5.59000015258789,5.449999809265139,6.400000095367429,2431900,2018-06-27
13896876,DRYS,5.51999998092651,5.15999984741211,5.15999984741211,5.15000009536743,5.7399997711181605,1810300,2018-06-28
13896891,DRYS,5.34999990463257,5.26000022888184,5.26000022888184,5.15999984741211,5.53999996185303,1562300,2018-06-29
13896901,DRYS,5.269999980926509,5.65999984741211,5.65999984741211,5.17999982833862,5.78000020980835,1740900,2018-07-02
13896910,DRYS,5.699999809265139,5.55999994277954,5.55999994277954,5.380000114440921,5.869999885559079,1371800,2018-07-03
13896920,DRYS,5.59000015258789,5.92000007629395,5.92000007629395,5.550000190734861,5.949999809265139,1543700,2018-07-05
13896930,DRYS,6.0,6.110000133514401,6.110000133514401,5.9899997711181605,6.46999979019165,2600600,2018-07-06
13896940,DRYS,6.199999809265139,5.96999979019165,5.96999979019165,5.94000005722046,6.360000133514401,1756500,2018-07-09
13896950,DRYS,6.09000015258789,5.71999979019165,5.71999979019165,5.71000003814697,6.23000001907349,1373500,2018-07-10
13896960,DRYS,5.610000133514401,5.699999809265139,5.699999809265139,5.53999996185303,5.76999998092651,867800,2018-07-11
13896969,DRYS,5.699999809265139,5.610000133514401,5.610000133514401,5.57999992370605,5.76999998092651,730400,2018-07-12
13896979,DRYS,5.550000190734861,5.17999982833862,5.17999982833862,5.17000007629395,5.59000015258789,1893500,2018-07-13
13896991,DRYS,5.230000019073491,5.03000020980835,5.03000020980835,4.94000005722046,5.26000022888184,1263900,2018-07-16
13897001,DRYS,5.050000190734861,5.269999980926509,5.269999980926509,5.050000190734861,5.32999992370605,722400,2018-07-17
13897012,DRYS,5.21000003814697,5.32999992370605,5.32999992370605,5.21000003814697,5.400000095367429,705100,2018-07-18
13897023,DRYS,5.28000020980835,5.17999982833862,5.17999982833862,5.15999984741211,5.34000015258789,424400,2018-07-19
13897032,DRYS,5.15999984741211,4.92000007629395,4.92000007629395,4.90999984741211,5.199999809265139,1215500,2018-07-20
13897033,DRYS,4.88000011444092,4.92000007629395,4.92000007629395,4.82000017166138,5.03000020980835,730000,2018-07-23
13897034,DRYS,5.09000015258789,4.980000019073491,4.980000019073491,4.949999809265139,5.199999809265139,866600,2018-07-24
13897035,DRYS,5.03999996185303,5.15999984741211,5.15999984741211,4.92999982833862,5.269999980926509,712300,2018-07-25
13897036,DRYS,5.17000007629395,5.13000011444092,5.13000011444092,5.07000017166138,5.21000003814697,464000,2018-07-26
13897037,DRYS,5.09000015258789,5.09999990463257,5.09999990463257,5.03000020980835,5.15000009536743,372500,2018-07-27
13897038,DRYS,5.13000011444092,5.23999977111816,5.23999977111816,5.050000190734861,5.32999992370605,800400,2018-07-30
13897039,DRYS,5.34000015258789,5.269999980926509,5.269999980926509,5.21000003814697,5.4899997711181605,922000,2018-07-31
13897040,DRYS,5.21000003814697,5.03999996185303,5.03999996185303,4.8600001335144,5.28999996185303,1352500,2018-08-01
13897041,DRYS,5.019999980926509,5.09999990463257,5.09999990463257,4.80999994277954,5.13000011444092,1339600,2018-08-02
13897042,DRYS,5.03000020980835,5.09000015258789,5.09000015258789,5.01000022888184,5.23999977111816,453600,2018-08-03
13897043,DRYS,5.050000190734861,5.230000019073491,5.230000019073491,5.03000020980835,5.25,549400,2018-08-06
13897044,DRYS,5.230000019073491,5.21000003814697,5.21000003814697,5.13000011444092,5.26000022888184,443600,2018-08-07
13897045,DRYS,5.21999979019165,5.09000015258789,5.09000015258789,5.050000190734861,5.300000190734861,676900,2018-08-08
13897046,DRYS,5.050000190734861,5.01000022888184,5.01000022888184,4.98999977111816,5.1100001335144,382900,2018-08-09
13897047,DRYS,5.0,4.8899998664856,4.8899998664856,4.80999994277954,5.01000022888184,902000,2018-08-10
13897048,DRYS,4.8600001335144,4.65999984741211,4.65999984741211,4.6399998664856,4.8600001335144,843300,2018-08-13
13897049,DRYS,4.57000017166138,4.6100001335144,4.6100001335144,4.53000020980835,4.730000019073491,675700,2018-08-14
13897050,DRYS,4.449999809265139,4.28999996185303,4.28999996185303,4.28999996185303,4.65000009536743,1109100,2018-08-15
13897051,DRYS,4.349999904632569,4.42000007629395,4.42000007629395,4.34000015258789,4.480000019073491,499200,2018-08-16
13897052,DRYS,4.38000011444092,4.3600001335144,4.3600001335144,4.34000015258789,4.46999979019165,320900,2018-08-17
13897053,DRYS,4.38000011444092,4.57000017166138,4.57000017166138,4.34000015258789,4.6100001335144,545300,2018-08-20
13897054,DRYS,4.61999988555908,4.69000005722046,4.69000005722046,4.61999988555908,4.769999980926509,527600,2018-08-21
13897055,DRYS,4.71000003814697,4.84000015258789,4.84000015258789,4.71000003814697,4.84000015258789,664500,2018-08-22
13897056,DRYS,4.800000190734861,4.82999992370605,4.82999992370605,4.769999980926509,5.019999980926509,880400,2018-08-23
13897057,DRYS,4.86999988555908,4.84000015258789,4.84000015258789,4.76000022888184,4.980000019073491,898900,2018-08-24
