,ticker,open,close,Adj Close,low,high,volume,Date
20325519,LIFE,13.25,14.9499998092651,14.9499998092651,12.8999996185303,15.0100002288818,3302500,2015-05-07
20325521,LIFE,15.020000457763699,19.270000457763697,19.270000457763697,15.020000457763699,19.479999542236303,655300,2015-05-08
20325534,LIFE,20.2099990844727,20.75,20.75,19.6000003814697,21.7000007629395,547900,2015-05-11
20325536,LIFE,21.6800003051758,21.5699996948242,21.5699996948242,19.2399997711182,21.8899993896484,271600,2015-05-12
20325548,LIFE,21.5699996948242,19.590000152587898,19.590000152587898,18.2000007629395,22.0,373100,2015-05-13
20325550,LIFE,19.1900005340576,20.5799999237061,20.5799999237061,18.3500003814697,21.340000152587898,100400,2015-05-14
20325564,LIFE,21.0699996948242,20.1299991607666,20.1299991607666,18.8840007781982,21.489999771118196,144300,2015-05-15
20325566,LIFE,19.7099990844727,19.8999996185303,19.8999996185303,18.8999996185303,20.229999542236303,93000,2015-05-18
20325579,LIFE,20.3899993896484,20.1000003814697,20.1000003814697,19.534999847412102,20.3899993896484,39100,2015-05-19
20325580,LIFE,20.0400009155273,22.8799991607666,22.8799991607666,19.0799999237061,23.1599998474121,153000,2015-05-20
20325582,LIFE,23.2000007629395,24.0,24.0,22.899999618530302,27.8199996948242,184800,2015-05-21
20325595,LIFE,23.760000228881804,24.7099990844727,24.7099990844727,23.0,25.969999313354503,75500,2015-05-22
20325597,LIFE,25.2000007629395,25.3400001525879,25.3400001525879,24.030000686645497,26.5,231100,2015-05-26
20325610,LIFE,25.8299999237061,24.690000534057603,24.690000534057603,23.5400009155273,26.850000381469698,160900,2015-05-27
20325612,LIFE,24.219999313354503,23.9799995422363,23.9799995422363,23.9099998474121,25.1399993896484,113600,2015-05-28
20325624,LIFE,23.5900001525879,22.8899993896484,22.8899993896484,22.1299991607666,24.0,165200,2015-05-29
20325626,LIFE,24.1700000762939,23.4799995422363,23.4799995422363,22.690000534057603,24.2700004577637,110800,2015-06-01
20325638,LIFE,23.6100006103516,25.239999771118196,25.239999771118196,22.874000549316396,26.3400001525879,167300,2015-06-02
20325640,LIFE,24.989999771118196,27.8799991607666,27.8799991607666,24.3600006103516,28.2299995422363,380600,2015-06-03
20325652,LIFE,28.2900009155273,27.3299999237061,27.3299999237061,26.600000381469698,28.2900009155273,63000,2015-06-04
20325654,LIFE,26.8400001525879,25.8700008392334,25.8700008392334,25.059999465942397,27.618000030517603,71500,2015-06-05
20325666,LIFE,25.719999313354503,24.9300003051758,24.9300003051758,24.75,26.989999771118196,92600,2015-06-08
20325668,LIFE,24.9599990844727,22.1399993896484,22.1399993896484,21.7999992370605,24.9599990844727,155900,2015-06-09
20325680,LIFE,22.5799999237061,22.5400009155273,22.5400009155273,20.2900009155273,23.5419998168945,85800,2015-06-10
20325682,LIFE,22.5699996948242,21.6599998474121,21.6599998474121,20.753000259399396,23.3600006103516,92600,2015-06-11
20325694,LIFE,21.6299991607666,22.2299995422363,22.2299995422363,21.1350002288818,22.9300003051758,91100,2015-06-12
20325696,LIFE,22.0,22.649999618530302,22.649999618530302,21.8400001525879,23.260000228881804,134700,2015-06-15
20325708,LIFE,22.350000381469698,21.9500007629395,21.9500007629395,21.75,22.989999771118196,108200,2015-06-16
20325710,LIFE,21.850000381469698,22.4200000762939,22.4200000762939,21.6200008392334,22.975000381469698,64300,2015-06-17
20325722,LIFE,22.2700004577637,22.0900001525879,22.0900001525879,21.663999557495103,23.1599998474121,78700,2015-06-18
20325724,LIFE,22.2000007629395,21.8199996948242,21.8199996948242,21.6100006103516,23.190000534057603,261500,2015-06-19
20325736,LIFE,21.600000381469698,22.850000381469698,22.850000381469698,21.600000381469698,22.9099998474121,91300,2015-06-22
20325738,LIFE,22.850000381469698,21.940000534057603,21.940000534057603,21.600000381469698,22.9599990844727,91500,2015-06-23
20325750,LIFE,21.719999313354503,21.9300003051758,21.9300003051758,21.719999313354503,22.4300003051758,128300,2015-06-24
20325751,LIFE,21.8299999237061,19.6000003814697,19.6000003814697,19.367000579834002,22.3700008392334,263500,2015-06-25
20325753,LIFE,19.4599990844727,19.659999847412102,19.659999847412102,18.75,20.1299991607666,892400,2015-06-26
20325765,LIFE,19.7199993133545,18.8500003814697,18.8500003814697,18.5100002288818,19.7199993133545,56400,2015-06-29
20325766,LIFE,18.8099994659424,18.520000457763697,18.520000457763697,18.1949996948242,19.1800003051758,43000,2015-06-30
20325768,LIFE,18.4699993133545,17.0,17.0,16.6000003814697,18.7900009155273,99100,2015-07-01
20325780,LIFE,17.0,16.4899997711182,16.4899997711182,16.1599998474121,17.0,68200,2015-07-02
20325781,LIFE,16.5,16.2399997711182,16.2399997711182,15.779999732971199,17.020000457763697,61100,2015-07-06
20325783,LIFE,16.1700000762939,16.1599998474121,16.1599998474121,15.3999996185303,16.6399993896484,75700,2015-07-07
20325795,LIFE,16.0599994659424,14.960000038147,14.960000038147,14.7600002288818,16.0599994659424,127600,2015-07-08
20325797,LIFE,15.0799999237061,15.3299999237061,15.3299999237061,15.0799999237061,15.661999702453599,58000,2015-07-09
20325809,LIFE,15.630000114440902,18.3600006103516,18.3600006103516,15.5100002288818,18.6299991607666,164200,2015-07-10
20325811,LIFE,18.5499992370605,19.4500007629395,19.4500007629395,18.3999996185303,19.6399993896484,156200,2015-07-13
20325823,LIFE,19.25,17.9599990844727,17.9599990844727,17.7000007629395,19.3460006713867,126300,2015-07-14
20325825,LIFE,17.8500003814697,17.4899997711182,17.4899997711182,16.5599994659424,17.9400005340576,93400,2015-07-15
20325837,LIFE,17.5900001525879,17.8700008392334,17.8700008392334,17.3899993896484,18.2099990844727,85200,2015-07-16
20325839,LIFE,17.9500007629395,16.979999542236303,16.979999542236303,16.9500007629395,18.7099990844727,127600,2015-07-17
20325851,LIFE,17.2099990844727,15.9899997711182,15.9899997711182,15.8199996948242,17.2099990844727,107900,2015-07-20
20325853,LIFE,16.1000003814697,15.8000001907349,15.8000001907349,15.4499998092651,16.1000003814697,64100,2015-07-21
20325865,LIFE,15.720000267028801,16.7000007629395,16.7000007629395,15.720000267028801,17.1650009155273,109200,2015-07-22
20325867,LIFE,17.5,16.6700000762939,16.6700000762939,16.4200000762939,17.5879993438721,128600,2015-07-23
20325879,LIFE,16.6599998474121,17.7099990844727,17.7099990844727,15.326000213622999,18.340000152587898,145100,2015-07-24
20325881,LIFE,17.5699996948242,17.520000457763697,17.520000457763697,17.1140003204346,17.8099994659424,30200,2015-07-27
20325893,LIFE,17.2099990844727,18.909999847412102,18.909999847412102,17.2000007629395,19.4899997711182,137400,2015-07-28
20325895,LIFE,18.7999992370605,17.6399993896484,17.6399993896484,17.4599990844727,18.8099994659424,113600,2015-07-29
20325907,LIFE,17.455999374389602,18.1399993896484,18.1399993896484,17.455999374389602,18.6100006103516,56900,2015-07-30
20325909,LIFE,18.2999992370605,18.75,18.75,17.6499996185303,19.3080005645752,80600,2015-07-31
20325921,LIFE,18.6700000762939,19.4899997711182,19.4899997711182,18.409999847412102,20.2999992370605,79000,2015-08-03
20325923,LIFE,19.6200008392334,19.8799991607666,19.8799991607666,19.6200008392334,20.4270000457764,46600,2015-08-04
20325935,LIFE,20.159999847412102,20.8500003814697,20.8500003814697,19.7099990844727,21.0,57900,2015-08-05
20325937,LIFE,20.840000152587898,18.75,18.75,18.25,20.840000152587898,78000,2015-08-06
20325949,LIFE,18.75,18.520000457763697,18.520000457763697,18.520000457763697,19.0,43700,2015-08-07
20325951,LIFE,18.590000152587898,18.1299991607666,18.1299991607666,17.909999847412102,18.590000152587898,67300,2015-08-10
20325963,LIFE,18.0100002288818,17.0599994659424,17.0599994659424,16.770000457763697,18.0100002288818,52500,2015-08-11
20325965,LIFE,17.020000457763697,17.0300006866455,17.0300006866455,16.3299999237061,17.4500007629395,31000,2015-08-12
20325977,LIFE,16.979999542236303,14.7600002288818,14.7600002288818,14.630000114440902,17.0400009155273,81200,2015-08-13
20325979,LIFE,14.720000267028801,14.3299999237061,14.3299999237061,14.1700000762939,14.9399995803833,37600,2015-08-14
20325991,LIFE,14.3100004196167,16.1000003814697,16.1000003814697,14.3100004196167,16.9899997711182,102000,2015-08-17
20325993,LIFE,16.120000839233402,15.109999656677198,15.109999656677198,15.0,16.1900005340576,65100,2015-08-18
20326005,LIFE,15.0600004196167,14.619999885559098,14.619999885559098,14.3299999237061,15.4300003051758,113000,2015-08-19
20326007,LIFE,14.479999542236301,14.4899997711182,14.4899997711182,14.251000404357901,14.9499998092651,47600,2015-08-20
20326019,LIFE,14.140000343322802,14.039999961853,14.039999961853,13.802000045776401,14.5,50000,2015-08-21
20326021,LIFE,12.6899995803833,13.720000267028801,13.720000267028801,12.0500001907349,14.5450000762939,78800,2015-08-24
20326033,LIFE,14.1000003814697,13.729999542236301,13.729999542236301,13.3000001907349,14.5799999237061,136000,2015-08-25
20326035,LIFE,14.140000343322802,14.3000001907349,14.3000001907349,13.390000343322802,14.3000001907349,46100,2015-08-26
20326047,LIFE,14.390000343322802,15.5500001907349,15.5500001907349,14.25,15.859999656677198,43900,2015-08-27
20326049,LIFE,15.3500003814697,14.789999961853,14.789999961853,14.289999961853,15.6499996185303,119800,2015-08-28
20326061,LIFE,14.5600004196167,14.479999542236301,14.479999542236301,14.0,14.5600004196167,42000,2015-08-31
20326063,LIFE,14.229999542236301,14.0799999237061,14.0799999237061,13.5600004196167,15.0500001907349,69200,2015-09-01
20326075,LIFE,14.3100004196167,14.5100002288818,14.5100002288818,13.619999885559098,14.6999998092651,80300,2015-09-02
20326077,LIFE,14.5600004196167,14.7399997711182,14.7399997711182,14.1000003814697,15.4499998092651,48400,2015-09-03
20326089,LIFE,14.520000457763699,14.4099998474121,14.4099998474121,14.0600004196167,14.6599998474121,52600,2015-09-04
20326091,LIFE,14.6499996185303,15.710000038147,15.710000038147,14.6000003814697,15.75,56800,2015-09-08
20326103,LIFE,15.789999961853,15.4300003051758,15.4300003051758,15.1999998092651,15.789999961853,40600,2015-09-09
20326105,LIFE,15.4499998092651,18.4300003051758,18.4300003051758,15.210000038147,18.5499992370605,115700,2015-09-10
20326117,LIFE,18.2399997711182,16.9599990844727,16.9599990844727,16.6399993896484,18.3500003814697,85500,2015-09-11
20326119,LIFE,16.9699993133545,18.729999542236303,18.729999542236303,16.9400005340576,19.17799949646,192800,2015-09-14
20326132,LIFE,18.909999847412102,19.1900005340576,19.1900005340576,18.1900005340576,19.6679992675781,86400,2015-09-15
20326134,LIFE,19.2199993133545,18.7800006866455,18.7800006866455,18.6200008392334,19.4619998931885,93600,2015-09-16
20326146,LIFE,18.7999992370605,18.5,18.5,18.2199993133545,19.034999847412102,53400,2015-09-17
20326148,LIFE,18.2800006866455,17.8700008392334,17.8700008392334,17.75,18.8700008392334,214200,2015-09-18
20326160,LIFE,17.8600006103516,16.5499992370605,16.5499992370605,16.2099990844727,18.0400009155273,69000,2015-09-21
20326162,LIFE,16.2900009155273,15.5500001907349,15.5500001907349,15.0699996948242,16.4300003051758,124500,2015-09-22
20326174,LIFE,15.630000114440902,15.3299999237061,15.3299999237061,14.8999996185303,15.880000114440902,104200,2015-09-23
20326176,LIFE,15.270000457763699,15.1899995803833,15.1899995803833,13.7950000762939,16.1900005340576,125000,2015-09-24
20326189,LIFE,15.1999998092651,13.270000457763699,13.270000457763699,13.270000457763699,15.8000001907349,298500,2015-09-25
20326191,LIFE,13.2399997711182,10.779999732971199,10.779999732971199,10.2349996566772,13.2399997711182,262800,2015-09-28
20326203,LIFE,10.9499998092651,9.86999988555908,9.86999988555908,9.58500003814697,11.2659997940063,149000,2015-09-29
20326205,LIFE,9.829999923706051,10.260000228881802,10.260000228881802,9.829999923706051,10.880000114440902,129100,2015-09-30
20326217,LIFE,10.3699998855591,10.239999771118198,10.239999771118198,9.64999961853027,10.4049997329712,129700,2015-10-01
20326219,LIFE,10.229999542236301,11.0900001525879,11.0900001525879,9.69999980926514,11.3199996948242,89700,2015-10-02
20326231,LIFE,11.1800003051758,11.3100004196167,11.3100004196167,10.3800001144409,11.9099998474121,120200,2015-10-05
20326233,LIFE,11.210000038147,10.6499996185303,10.6499996185303,10.5500001907349,11.729999542236301,147800,2015-10-06
20326246,LIFE,10.6199998855591,11.25,11.25,10.1199998855591,11.279999732971199,81000,2015-10-07
20326248,LIFE,11.140000343322802,11.5500001907349,11.5500001907349,10.489999771118198,11.7600002288818,50100,2015-10-08
20326260,LIFE,11.529999732971199,11.5900001525879,11.5900001525879,10.8100004196167,12.1800003051758,80500,2015-10-09
20326262,LIFE,11.6599998474121,11.109999656677198,11.109999656677198,11.0600004196167,11.6599998474121,20900,2015-10-12
20326274,LIFE,10.859999656677198,11.0900001525879,11.0900001525879,10.6809997558594,12.039999961853,100900,2015-10-13
20326276,LIFE,11.119999885559098,11.130000114440902,11.130000114440902,10.75,11.369999885559098,46500,2015-10-14
20326288,LIFE,11.0500001907349,11.529999732971199,11.529999732971199,10.4099998474121,11.6899995803833,61600,2015-10-15
20326290,LIFE,11.5699996948242,11.4200000762939,11.4200000762939,11.25,12.0,23500,2015-10-16
20326302,LIFE,11.390000343322802,10.979999542236301,10.979999542236301,10.5500001907349,12.0699996948242,34800,2015-10-19
20326304,LIFE,10.9499998092651,9.89999961853027,9.89999961853027,9.75,10.960000038147,144800,2015-10-20
20326316,LIFE,10.1000003814697,9.60000038146973,9.60000038146973,9.25,10.3000001907349,76600,2015-10-21
20326318,LIFE,9.6899995803833,9.76000022888184,9.76000022888184,9.39000034332275,10.229999542236301,102400,2015-10-22
20326330,LIFE,9.89999961853027,10.8199996948242,10.8199996948242,9.52000045776367,10.8500003814697,58800,2015-10-23
20326332,LIFE,10.8199996948242,11.460000038147,11.460000038147,10.5600004196167,11.789999961853,56600,2015-10-26
20326344,LIFE,11.3500003814697,11.479999542236301,11.479999542236301,11.2600002288818,11.9399995803833,171200,2015-10-27
20326346,LIFE,11.4499998092651,12.4899997711182,12.4899997711182,11.039999961853,12.9099998474121,54400,2015-10-28
20326358,LIFE,12.2600002288818,12.3100004196167,12.3100004196167,12.119999885559098,12.720000267028801,70800,2015-10-29
20326360,LIFE,12.3500003814697,12.460000038147,12.460000038147,12.0900001525879,12.6499996185303,38600,2015-10-30
20326372,LIFE,12.5600004196167,12.8000001907349,12.8000001907349,12.3400001525879,13.0,72000,2015-11-02
20326374,LIFE,12.720000267028801,12.229999542236301,12.229999542236301,12.0100002288818,13.2600002288818,135400,2015-11-03
20326386,LIFE,12.3000001907349,12.1499996185303,12.1499996185303,11.479999542236301,12.359999656677198,136600,2015-11-04
20326388,LIFE,12.140000343322802,12.2399997711182,12.2399997711182,11.6899995803833,12.369999885559098,57300,2015-11-05
20326400,LIFE,12.1700000762939,12.130000114440902,12.130000114440902,11.751000404357901,12.4350004196167,120400,2015-11-06
20326402,LIFE,12.5,11.9099998474121,11.9099998474121,11.8299999237061,12.539999961853,75100,2015-11-09
20326414,LIFE,11.8100004196167,11.479999542236301,11.479999542236301,11.270000457763699,12.0,71100,2015-11-10
20326416,LIFE,11.5799999237061,9.81999969482422,9.81999969482422,9.8100004196167,11.8000001907349,84000,2015-11-11
20326428,LIFE,9.75,9.85999965667725,9.85999965667725,9.52000045776367,10.0,35000,2015-11-12
20326430,LIFE,10.0,10.229999542236301,10.229999542236301,9.72000026702881,10.25,70500,2015-11-13
20326442,LIFE,10.25,9.94999980926514,9.94999980926514,9.75,10.3000001907349,82300,2015-11-16
20326444,LIFE,10.0,9.920000076293949,9.920000076293949,9.76000022888184,10.1000003814697,26700,2015-11-17
20326456,LIFE,9.89999961853027,9.6899995803833,9.6899995803833,9.55000019073486,9.89999961853027,107000,2015-11-18
20326458,LIFE,9.72000026702881,8.71000003814697,8.71000003814697,8.35999965667725,9.72000026702881,77800,2015-11-19
20326470,LIFE,8.75,8.72999954223633,8.72999954223633,8.689999580383299,8.85999965667725,45700,2015-11-20
20326472,LIFE,8.659999847412111,8.47000026702881,8.47000026702881,8.31999969482422,8.9399995803833,139200,2015-11-23
20326484,LIFE,8.5,8.409999847412111,8.409999847412111,8.11999988555908,8.67000007629395,69100,2015-11-24
20326486,LIFE,8.47000026702881,8.5,8.5,8.27099990844727,8.71000003814697,55000,2015-11-25
20326498,LIFE,8.5,8.73999977111816,8.73999977111816,8.47000026702881,8.81999969482422,49100,2015-11-27
20326500,LIFE,8.699999809265138,8.51000022888184,8.51000022888184,8.32999992370605,8.77999973297119,70600,2015-11-30
20326512,LIFE,8.56999969482422,8.449999809265138,8.449999809265138,8.22000026702881,8.56999969482422,51200,2015-12-01
20326514,LIFE,8.659999847412111,8.699999809265138,8.699999809265138,8.33500003814697,9.0,63300,2015-12-02
20326526,LIFE,8.72999954223633,8.8100004196167,8.8100004196167,8.39999961853027,9.42899990081787,90500,2015-12-03
20326528,LIFE,8.89999961853027,8.75,8.75,8.48999977111816,8.90999984741211,27900,2015-12-04
20326540,LIFE,8.829999923706051,7.96000003814697,7.96000003814697,7.619999885559079,8.829999923706051,72800,2015-12-07
20326542,LIFE,7.92000007629395,8.07999992370605,8.07999992370605,7.849999904632571,8.409999847412111,48700,2015-12-08
20326554,LIFE,8.07999992370605,7.67999982833862,7.67999982833862,7.599999904632571,8.14999961853027,37400,2015-12-09
20326556,LIFE,7.550000190734861,7.69000005722046,7.69000005722046,7.369999885559079,7.89900016784668,65500,2015-12-10
20326568,LIFE,7.5100002288818395,7.610000133514401,7.610000133514401,7.5100002288818395,8.02000045776367,77300,2015-12-11
20326570,LIFE,7.610000133514401,8.32999992370605,8.32999992370605,7.59000015258789,8.46000003814697,162300,2015-12-14
20326582,LIFE,8.35999965667725,8.71000003814697,8.71000003814697,8.28999996185303,9.31999969482422,127600,2015-12-15
20326584,LIFE,8.81999969482422,8.560000419616701,8.560000419616701,7.800000190734861,8.81999969482422,177400,2015-12-16
20326596,LIFE,8.699999809265138,10.1700000762939,10.1700000762939,8.699999809265138,10.6300001144409,860200,2015-12-17
20326598,LIFE,10.0900001525879,10.0699996948242,10.0699996948242,9.26000022888184,10.7399997711182,786000,2015-12-18
20326610,LIFE,10.1999998092651,10.779999732971199,10.779999732971199,10.152000427246099,10.9300003051758,87400,2015-12-21
20326612,LIFE,10.710000038147,10.1199998855591,10.1199998855591,9.88500022888184,10.878999710083,85400,2015-12-22
20326624,LIFE,10.25,10.1599998474121,10.1599998474121,9.46000003814697,10.6000003814697,58300,2015-12-23
20326626,LIFE,10.1800003051758,10.2799997329712,10.2799997329712,10.1300001144409,10.4099998474121,20900,2015-12-24
20326638,LIFE,10.25,10.1700000762939,10.1700000762939,9.75100040435791,10.3100004196167,65100,2015-12-28
20326640,LIFE,9.90999984741211,9.80000019073486,9.80000019073486,9.51000022888184,10.1599998474121,65400,2015-12-29
20326652,LIFE,9.71000003814697,10.0299997329712,10.0299997329712,9.65999984741211,10.4399995803833,25700,2015-12-30
20326654,LIFE,10.020000457763699,9.829999923706051,9.829999923706051,9.65999984741211,10.1000003814697,22900,2015-12-31
20326666,LIFE,9.63000011444092,9.13000011444092,9.13000011444092,9.03999996185303,9.63000011444092,62300,2016-01-04
20326668,LIFE,8.85499954223633,9.35999965667725,9.35999965667725,8.85499954223633,9.47999954223633,42100,2016-01-05
20326680,LIFE,9.14999961853027,8.689999580383299,8.689999580383299,8.63000011444092,9.27000045776367,78400,2016-01-06
20326682,LIFE,8.449999809265138,7.71999979019165,7.71999979019165,7.25,8.449999809265138,253900,2016-01-07
20326694,LIFE,7.800000190734861,7.42999982833862,7.42999982833862,7.369999885559079,8.22999954223633,58900,2016-01-08
20326696,LIFE,7.53000020980835,7.44000005722046,7.44000005722046,6.599999904632571,9.03999996185303,119000,2016-01-11
20326708,LIFE,7.42999982833862,7.150000095367429,7.150000095367429,6.860000133514401,7.587999820709231,61200,2016-01-12
20326710,LIFE,7.09000015258789,6.53999996185303,6.53999996185303,6.300000190734861,7.550000190734861,93800,2016-01-13
20326722,LIFE,6.59000015258789,6.32999992370605,6.32999992370605,5.82399988174438,6.59000015258789,234600,2016-01-14
20326724,LIFE,5.9899997711181605,5.94000005722046,5.94000005722046,5.65999984741211,6.1350002288818395,185900,2016-01-15
20326736,LIFE,6.07999992370605,6.0100002288818395,6.0100002288818395,5.53000020980835,6.34000015258789,172100,2016-01-19
20326738,LIFE,5.82999992370605,6.0,6.0,5.619999885559079,6.09000015258789,258700,2016-01-20
20326750,LIFE,5.9899997711181605,5.55999994277954,5.55999994277954,5.53000020980835,5.9899997711181605,85000,2016-01-21
20326752,LIFE,5.69000005722046,5.73000001907349,5.73000001907349,5.48000001907349,5.76999998092651,75100,2016-01-22
20326764,LIFE,5.699999809265139,6.2600002288818395,6.2600002288818395,5.699999809265139,6.369999885559079,97700,2016-01-25
20326766,LIFE,5.92999982833862,6.199999809265139,6.199999809265139,5.900000095367429,6.65999984741211,286400,2016-01-26
20326778,LIFE,6.199999809265139,6.139999866485599,6.139999866485599,6.050000190734861,6.80999994277954,210700,2016-01-27
20326780,LIFE,6.19000005722046,5.67999982833862,5.67999982833862,5.610000133514401,6.21000003814697,96800,2016-01-28
20326792,LIFE,5.67000007629395,5.28000020980835,5.28000020980835,5.13000011444092,5.860000133514401,86600,2016-01-29
20326794,LIFE,5.300000190734861,5.48000001907349,5.48000001907349,4.65000009536743,6.19000005722046,120600,2016-02-01
20326806,LIFE,5.380000114440921,4.75,4.75,4.5,5.380000114440921,175200,2016-02-02
20326808,LIFE,4.78999996185303,4.46999979019165,4.46999979019165,4.30999994277954,4.78999996185303,114400,2016-02-03
20326820,LIFE,4.51000022888184,4.61999988555908,4.61999988555908,4.355000019073491,4.94799995422363,103300,2016-02-04
20326822,LIFE,4.55999994277954,4.28999996185303,4.28999996185303,4.2540001869201705,4.75,214800,2016-02-05
20326834,LIFE,4.26000022888184,4.07000017166138,4.07000017166138,3.875,4.26000022888184,236200,2016-02-08
20326836,LIFE,4.019999980926509,3.92000007629395,3.92000007629395,3.6199998855590803,4.25,165100,2016-02-09
20326849,LIFE,3.99000000953674,3.8099999427795397,3.8099999427795397,3.5590000152587904,4.17999982833862,116900,2016-02-10
20326851,LIFE,3.72000002861023,3.79999995231628,3.79999995231628,3.54999995231628,3.89000010490417,159200,2016-02-11
20326863,LIFE,3.9000000953674303,4.1100001335144,4.1100001335144,3.5,4.21000003814697,130200,2016-02-12
20326865,LIFE,4.13000011444092,4.32999992370605,4.32999992370605,4.09000015258789,4.51000022888184,62400,2016-02-16
20326877,LIFE,4.3899998664856,4.519999980926509,4.519999980926509,4.15999984741211,4.57000017166138,46800,2016-02-17
20326879,LIFE,4.63000011444092,4.349999904632569,4.349999904632569,4.269999980926509,4.63000011444092,27500,2016-02-18
20326891,LIFE,4.34000015258789,4.34000015258789,4.34000015258789,3.72000002861023,4.519999980926509,28700,2016-02-19
20326893,LIFE,4.38000011444092,4.38000011444092,4.38000011444092,4.230000019073491,4.519999980926509,51500,2016-02-22
20326907,LIFE,4.40000009536743,4.150000095367431,4.150000095367431,4.099999904632569,4.44000005722046,46800,2016-02-23
20326909,LIFE,4.099999904632569,4.59000015258789,4.59000015258789,3.95000004768372,4.59000015258789,532400,2016-02-24
20326921,LIFE,4.59000015258789,4.30999994277954,4.30999994277954,4.25,4.6100001335144,79300,2016-02-25
20326923,LIFE,4.34000015258789,4.57999992370605,4.57999992370605,4.17000007629395,4.59999990463257,119900,2016-02-26
20326937,LIFE,4.6100001335144,4.46999979019165,4.46999979019165,4.40000009536743,4.69500017166138,55500,2016-02-29
20326939,LIFE,4.5,4.94000005722046,4.94000005722046,4.46999979019165,5.0,104200,2016-03-01
20326951,LIFE,4.949999809265139,5.25,5.25,4.82000017166138,5.32999992370605,131300,2016-03-02
20326953,LIFE,5.32999992370605,5.1399998664856,5.1399998664856,5.0,5.32999992370605,93500,2016-03-03
20326966,LIFE,5.17000007629395,5.630000114440921,5.630000114440921,5.05999994277954,5.69000005722046,106000,2016-03-04
20326968,LIFE,5.619999885559079,6.25,6.25,5.550000190734861,6.28999996185303,139000,2016-03-07
20326982,LIFE,6.32000017166138,5.46999979019165,5.46999979019165,5.380000114440921,6.40999984741211,120700,2016-03-08
20326984,LIFE,5.5,5.300000190734861,5.300000190734861,5.07000017166138,5.5,54700,2016-03-09
20326996,LIFE,5.380000114440921,5.07999992370605,5.07999992370605,5.01000022888184,5.5100002288818395,90500,2016-03-10
20326998,LIFE,5.4899997711181605,5.09999990463257,5.09999990463257,4.8600001335144,5.4899997711181605,91600,2016-03-11
20327011,LIFE,5.1100001335144,5.59000015258789,5.59000015258789,5.1100001335144,5.800000190734861,82700,2016-03-14
20327013,LIFE,5.57000017166138,5.5,5.5,5.2350001335144,5.90999984741211,101900,2016-03-15
20327028,LIFE,5.5,5.369999885559079,5.369999885559079,4.8899998664856,5.66499996185303,104000,2016-03-16
20327030,LIFE,5.380000114440921,5.380000114440921,5.380000114440921,5.13000011444092,5.58500003814697,36300,2016-03-17
20327042,LIFE,5.44000005722046,5.300000190734861,5.300000190734861,5.269999980926509,5.73000001907349,178200,2016-03-18
20327044,LIFE,5.51999998092651,5.71000003814697,5.71000003814697,5.51999998092651,6.0100002288818395,182900,2016-03-21
20327058,LIFE,5.67999982833862,5.46000003814697,5.46000003814697,5.3600001335144,5.83500003814697,94100,2016-03-22
20327060,LIFE,5.43300008773804,5.0,5.0,4.88000011444092,5.43300008773804,86900,2016-03-23
20327061,LIFE,4.92000007629395,5.01000022888184,5.01000022888184,4.71000003814697,5.15999984741211,47600,2016-03-24
20327074,LIFE,5.07000017166138,4.949999809265139,4.949999809265139,4.82999992370605,5.32000017166138,98300,2016-03-28
20327076,LIFE,4.949999809265139,5.050000190734861,5.050000190734861,4.6100001335144,5.1399998664856,293500,2016-03-29
20327088,LIFE,5.474999904632571,4.8600001335144,4.8600001335144,4.75,5.474999904632571,152300,2016-03-30
20327090,LIFE,4.98999977111816,3.9400000572204603,3.9400000572204603,3.66300010681152,5.0,1074300,2016-03-31
20327104,LIFE,4.0,3.8099999427795397,3.8099999427795397,3.7699999809265097,4.07999992370605,406500,2016-04-01
20327106,LIFE,3.85999989509583,3.5999999046325697,3.5999999046325697,3.5999999046325697,3.8699998855590803,281900,2016-04-04
20327118,LIFE,3.5399999618530296,3.47000002861023,3.47000002861023,3.4449999332427996,3.57999992370605,326200,2016-04-05
20327120,LIFE,3.4600000381469704,3.1900000572204603,3.1900000572204603,3.1500000953674303,3.5199999809265097,1318100,2016-04-06
20327132,LIFE,3.25,3.20000004768372,3.20000004768372,3.0399999618530296,3.3099999427795397,2093600,2016-04-07
20327134,LIFE,3.25,3.20000004768372,3.20000004768372,3.02999997138977,3.41000008583069,3720100,2016-04-08
20327146,LIFE,3.33999991416931,3.6199998855590803,3.6199998855590803,3.3199999332427996,3.6800000667572004,2323200,2016-04-11
20327148,LIFE,3.70000004768372,3.8699998855590803,3.8699998855590803,3.45000004768372,3.9000000953674303,1755600,2016-04-12
20327160,LIFE,3.91000008583069,3.99000000953674,3.99000000953674,3.72000002861023,4.019999980926509,969900,2016-04-13
20327162,LIFE,4.0,4.2199997901916495,4.2199997901916495,3.85999989509583,4.3600001335144,1611700,2016-04-14
20327174,LIFE,4.25,4.19000005722046,4.19000005722046,3.9300000667572004,4.30000019073486,824100,2016-04-15
20327176,LIFE,4.230000019073491,3.99000000953674,3.99000000953674,3.9800000190734903,4.30000019073486,717600,2016-04-18
20327188,LIFE,4.0300002098083505,3.8199999332427996,3.8199999332427996,3.7899999618530296,4.11999988555908,525800,2016-04-19
20327190,LIFE,3.85999989509583,3.91000008583069,3.91000008583069,3.8199999332427996,4.05999994277954,388000,2016-04-20
20327202,LIFE,3.92000007629395,4.01000022888184,4.01000022888184,3.85999989509583,4.05000019073486,394300,2016-04-21
20327204,LIFE,4.01000022888184,4.17999982833862,4.17999982833862,3.9400000572204603,4.19999980926514,282500,2016-04-22
20327216,LIFE,4.19000005722046,3.9600000381469704,3.9600000381469704,3.91799998283386,4.19999980926514,368100,2016-04-25
20327218,LIFE,4.0,3.8699998855590803,3.8699998855590803,3.74000000953674,4.0,260600,2016-04-26
20327230,LIFE,3.8699998855590803,3.8199999332427996,3.8199999332427996,3.77999997138977,3.9300000667572004,221800,2016-04-27
20327232,LIFE,3.82999992370605,3.75999999046326,3.75999999046326,3.7249999046325697,3.8800001144409197,316800,2016-04-28
20327244,LIFE,3.74000000953674,3.5599999427795397,3.5599999427795397,3.4300000667572004,3.74000000953674,372700,2016-04-29
20327246,LIFE,3.5999999046325697,3.67000007629395,3.67000007629395,3.4600000381469704,3.71199989318848,418900,2016-05-02
20327258,LIFE,3.5999999046325697,3.4800000190734903,3.4800000190734903,3.45000004768372,3.66199994087219,235400,2016-05-03
20327260,LIFE,3.4400000572204603,3.33999991416931,3.33999991416931,3.2699999809265097,3.52999997138977,340300,2016-05-04
20327272,LIFE,3.3699998855590803,3.22000002861023,3.22000002861023,3.1500000953674303,3.3699998855590803,233300,2016-05-05
20327274,LIFE,3.24000000953674,3.0999999046325697,3.0999999046325697,3.0599999427795397,3.24000000953674,210600,2016-05-06
20327286,LIFE,3.1199998855590803,3.2300000190734903,3.2300000190734903,3.07999992370605,3.27999997138977,195300,2016-05-09
20327288,LIFE,3.27999997138977,3.14000010490417,3.14000010490417,3.0650000572204603,3.27999997138977,152900,2016-05-10
20327300,LIFE,3.14000010490417,3.00999999046326,3.00999999046326,2.9800000190734903,3.14000010490417,216900,2016-05-11
20327302,LIFE,3.14000010490417,2.85999989509583,2.85999989509583,2.8099999427795397,3.14000010490417,297100,2016-05-12
20327315,LIFE,2.85999989509583,2.91000008583069,2.91000008583069,2.8099999427795397,2.99000000953674,93400,2016-05-13
20327317,LIFE,2.9600000381469704,3.0599999427795397,3.0599999427795397,2.89000010490417,3.0999999046325697,200100,2016-05-16
20327329,LIFE,3.04999995231628,3.1500000953674303,3.1500000953674303,3.04999995231628,3.17000007629395,241800,2016-05-17
20327331,LIFE,3.1300001144409197,3.0999999046325697,3.0999999046325697,3.0999999046325697,3.1900000572204603,98500,2016-05-18
20327344,LIFE,3.0699999332427996,3.00999999046326,3.00999999046326,2.91000008583069,3.13499999046326,139300,2016-05-19
20327346,LIFE,3.0199999809265097,3.1500000953674303,3.1500000953674303,3.0,3.1800000667572004,137700,2016-05-20
20327358,LIFE,3.16000008583069,3.22000002861023,3.22000002861023,3.0999999046325697,3.2899999618530296,150600,2016-05-23
20327360,LIFE,3.24000000953674,3.32999992370605,3.32999992370605,3.1800000667572004,3.35999989509583,176900,2016-05-24
20327372,LIFE,3.3499999046325697,3.29999995231628,3.29999995231628,3.16000008583069,3.39000010490417,255700,2016-05-25
20327374,LIFE,3.3199999332427996,3.2100000381469704,3.2100000381469704,3.16000008583069,3.3499999046325697,116700,2016-05-26
20327386,LIFE,3.22000002861023,3.2300000190734903,3.2300000190734903,3.17400002479553,3.35999989509583,99900,2016-05-27
20327388,LIFE,3.2699999809265097,3.3099999427795397,3.3099999427795397,3.25,3.35599994659424,184400,2016-05-31
20327400,LIFE,3.3099999427795397,3.4800000190734903,3.4800000190734903,3.25,3.4800000190734903,219300,2016-06-01
20327402,LIFE,3.4800000190734903,3.5599999427795397,3.5599999427795397,3.4300000667572004,3.5599999427795397,106700,2016-06-02
20327414,LIFE,3.54999995231628,3.47000002861023,3.47000002861023,3.35999989509583,3.5699999332427996,97600,2016-06-03
20327416,LIFE,3.45000004768372,3.49000000953674,3.49000000953674,3.3499999046325697,3.54999995231628,260500,2016-06-06
20327428,LIFE,3.5399999618530296,3.27999997138977,3.27999997138977,3.2699999809265097,3.54999995231628,306000,2016-06-07
20327430,LIFE,3.32999992370605,3.22000002861023,3.22000002861023,3.1500000953674303,3.33999991416931,176500,2016-06-08
20327442,LIFE,3.2100000381469704,3.1300001144409197,3.1300001144409197,3.08999991416931,3.3099999427795397,247900,2016-06-09
20327444,LIFE,3.1300001144409197,3.0699999332427996,3.0699999332427996,3.02999997138977,3.1789999008178698,148000,2016-06-10
20327456,LIFE,3.02999997138977,3.0999999046325697,3.0999999046325697,3.0,3.17600011825562,198100,2016-06-13
20327458,LIFE,3.0999999046325697,3.00999999046326,3.00999999046326,2.95000004768372,3.1500000953674303,113800,2016-06-14
20327470,LIFE,3.00999999046326,3.00999999046326,3.00999999046326,2.95000004768372,3.1500000953674303,160400,2016-06-15
20327472,LIFE,2.97000002861023,2.92000007629395,2.92000007629395,2.89000010490417,3.04999995231628,382800,2016-06-16
20327484,LIFE,2.9400000572204603,2.79999995231628,2.79999995231628,2.7699999809265097,2.95000004768372,233200,2016-06-17
20327486,LIFE,2.8099999427795397,2.74000000953674,2.74000000953674,2.7100000381469704,2.8800001144409197,194800,2016-06-20
20327498,LIFE,2.75999999046326,2.77999997138977,2.77999997138977,2.64000010490417,2.8199999332427996,182500,2016-06-21
20327500,LIFE,2.8099999427795397,2.79999995231628,2.79999995231628,2.74000000953674,2.95000004768372,175000,2016-06-22
20327512,LIFE,2.8499999046325697,2.9400000572204603,2.9400000572204603,2.83999991416931,2.9600000381469704,121000,2016-06-23
20327514,LIFE,2.79999995231628,2.85999989509583,2.85999989509583,2.75,2.8699998855590803,657200,2016-06-24
20327526,LIFE,2.8099999427795397,2.55999994277954,2.55999994277954,2.5499999523162797,2.8699998855590803,153700,2016-06-27
20327528,LIFE,2.6500000953674303,2.52999997138977,2.52999997138977,2.5,2.70000004768372,123100,2016-06-28
20327540,LIFE,2.58999991416931,2.70000004768372,2.70000004768372,2.4800000190734903,2.75,108300,2016-06-29
20327542,LIFE,2.6900000572204603,2.77999997138977,2.77999997138977,2.6500000953674303,2.79999995231628,85000,2016-06-30
20327554,LIFE,2.77999997138977,2.9400000572204603,2.9400000572204603,2.75,2.9400000572204603,172800,2016-07-01
20327556,LIFE,2.9400000572204603,2.8099999427795397,2.8099999427795397,2.7699999809265097,2.9400000572204603,58900,2016-07-05
20327568,LIFE,2.8099999427795397,2.8099999427795397,2.8099999427795397,2.75,2.8699998855590803,66100,2016-07-06
20327570,LIFE,2.83999991416931,2.74000000953674,2.74000000953674,2.7100000381469704,2.9300000667572004,181100,2016-07-07
20327582,LIFE,2.75,2.8499999046325697,2.8499999046325697,2.7300000190734903,2.8699998855590803,92800,2016-07-08
20327584,LIFE,2.89000010490417,2.7300000190734903,2.7300000190734903,2.67000007629395,2.89000010490417,118600,2016-07-11
20327597,LIFE,2.79999995231628,2.74000000953674,2.74000000953674,2.7100000381469704,2.79999995231628,90400,2016-07-12
20327599,LIFE,2.74000000953674,2.6800000667572,2.6800000667572,2.64000010490417,2.82999992370605,312900,2016-07-13
20327611,LIFE,2.70000004768372,2.67000007629395,2.67000007629395,2.64000010490417,2.75999999046326,49700,2016-07-14
20327613,LIFE,2.63000011444092,2.70000004768372,2.70000004768372,2.6259999275207497,2.7100000381469704,30500,2016-07-15
20327625,LIFE,2.70000004768372,2.72000002861023,2.72000002861023,2.64000010490417,2.72000002861023,56200,2016-07-18
20327627,LIFE,2.72000002861023,2.61999988555908,2.61999988555908,2.61999988555908,2.7899999618530296,101900,2016-07-19
20327639,LIFE,2.64000010490417,3.0599999427795397,3.0599999427795397,2.64000010490417,3.0999999046325697,761100,2016-07-20
20327641,LIFE,3.08999991416931,2.9600000381469704,2.9600000381469704,2.9400000572204603,3.39000010490417,1090000,2016-07-21
20327653,LIFE,2.9600000381469704,2.9000000953674303,2.9000000953674303,2.85999989509583,2.9600000381469704,216100,2016-07-22
20327655,LIFE,2.91000008583069,2.8800001144409197,2.8800001144409197,2.8499999046325697,2.92000007629395,67200,2016-07-25
20327667,LIFE,2.85999989509583,2.8800001144409197,2.8800001144409197,2.8499999046325697,2.92000007629395,85200,2016-07-26
20327669,LIFE,2.89000010490417,3.0999999046325697,3.0999999046325697,2.89000010490417,3.10999989509583,183700,2016-07-27
20327681,LIFE,3.07999992370605,2.97000002861023,2.97000002861023,2.8800001144409197,3.14000010490417,316400,2016-07-28
20327683,LIFE,2.97000002861023,3.41000008583069,3.41000008583069,2.91100001335144,3.4300000667572004,1428800,2016-07-29
20327695,LIFE,3.49000000953674,3.17000007629395,3.17000007629395,3.1500000953674303,3.72000002861023,968600,2016-08-01
20327697,LIFE,3.17000007629395,3.08999991416931,3.08999991416931,3.00999999046326,3.3199999332427996,290300,2016-08-02
20327709,LIFE,3.0599999427795397,3.2899999618530296,3.2899999618530296,3.0599999427795397,3.4000000953674303,376000,2016-08-03
20327711,LIFE,3.32999992370605,3.20000004768372,3.20000004768372,3.16000008583069,3.42000007629395,169600,2016-08-04
20327725,LIFE,3.22000002861023,3.3099999427795397,3.3099999427795397,3.22000002861023,3.42000007629395,296500,2016-08-05
20327727,LIFE,3.41000008583069,3.29999995231628,3.29999995231628,3.2699999809265097,3.4219999313354506,107400,2016-08-08
20327739,LIFE,3.29999995231628,3.1800000667572004,3.1800000667572004,3.1500000953674303,3.29999995231628,101000,2016-08-09
20327741,LIFE,3.16000008583069,2.97000002861023,2.97000002861023,2.9300000667572004,3.2100000381469704,272300,2016-08-10
20327755,LIFE,2.9400000572204603,3.22000002861023,3.22000002861023,2.9400000572204603,3.25,215200,2016-08-11
20327757,LIFE,3.2699999809265097,3.42000007629395,3.42000007629395,3.20000004768372,3.47199988365173,313100,2016-08-12
20327769,LIFE,3.41000008583069,3.66000008583069,3.66000008583069,3.32999992370605,3.8499999046325697,849100,2016-08-15
20327771,LIFE,3.54999995231628,3.5199999809265097,3.5199999809265097,3.39000010490417,3.6300001144409197,246200,2016-08-16
20327784,LIFE,3.54999995231628,3.3800001144409197,3.3800001144409197,3.3410000801086404,3.625,124000,2016-08-17
20327786,LIFE,3.3699998855590803,3.3699998855590803,3.3699998855590803,3.1900000572204603,3.45000004768372,410300,2016-08-18
20327798,LIFE,3.2899999618530296,3.33999991416931,3.33999991416931,3.20000004768372,3.39000010490417,118500,2016-08-19
20327800,LIFE,3.32999992370605,3.25,3.25,3.2300000190734903,3.42000007629395,152400,2016-08-22
20327812,LIFE,3.2699999809265097,3.25,3.25,3.22000002861023,3.33999991416931,84500,2016-08-23
20327814,LIFE,3.2300000190734903,3.00999999046326,3.00999999046326,2.9600000381469704,3.3199999332427996,216900,2016-08-24
20327826,LIFE,3.00999999046326,2.9400000572204603,2.9400000572204603,2.83999991416931,3.20499992370605,178900,2016-08-25
20327828,LIFE,2.9600000381469704,2.9800000190734903,2.9800000190734903,2.8050000667572004,3.1500000953674303,180300,2016-08-26
20327840,LIFE,2.97000002861023,2.9000000953674303,2.9000000953674303,2.8199999332427996,3.08999991416931,76800,2016-08-29
20327842,LIFE,2.91000008583069,2.97000002861023,2.97000002861023,2.8800001144409197,3.0199999809265097,52500,2016-08-30
20327854,LIFE,2.9600000381469704,2.92000007629395,2.92000007629395,2.89000010490417,2.99000000953674,107700,2016-08-31
20327856,LIFE,2.91000008583069,2.95000004768372,2.95000004768372,2.8800001144409197,2.99000000953674,93700,2016-09-01
20327868,LIFE,2.97000002861023,2.9000000953674303,2.9000000953674303,2.8800001144409197,2.97000002861023,218000,2016-09-02
20327870,LIFE,2.9400000572204603,3.1500000953674303,3.1500000953674303,2.9300000667572004,3.1500000953674303,215400,2016-09-06
20327882,LIFE,3.1500000953674303,3.04999995231628,3.04999995231628,3.0,3.1900000572204603,138300,2016-09-07
20327884,LIFE,3.0699999332427996,3.10999989509583,3.10999989509583,3.0,3.16000008583069,85600,2016-09-08
20327896,LIFE,3.0599999427795397,3.07999992370605,3.07999992370605,3.0199999809265097,3.1500000953674303,70100,2016-09-09
20327898,LIFE,3.02999997138977,3.1300001144409197,3.1300001144409197,3.0199999809265097,3.16000008583069,89700,2016-09-12
20327910,LIFE,3.07999992370605,3.0599999427795397,3.0599999427795397,2.9600000381469704,3.14000010490417,125900,2016-09-13
20327912,LIFE,3.0699999332427996,3.24000000953674,3.24000000953674,3.0699999332427996,3.25,262900,2016-09-14
20327924,LIFE,3.2699999809265097,3.25999999046326,3.25999999046326,3.1800000667572004,3.32999992370605,159500,2016-09-15
20327926,LIFE,3.20000004768372,3.2100000381469704,3.2100000381469704,3.1500000953674303,3.3699998855590803,399500,2016-09-16
20327938,LIFE,3.24000000953674,3.2699999809265097,3.2699999809265097,3.10999989509583,3.2899999618530296,85600,2016-09-19
20327940,LIFE,3.29999995231628,3.22000002861023,3.22000002861023,3.1199998855590803,3.29999995231628,93500,2016-09-20
20327952,LIFE,3.24000000953674,3.2899999618530296,3.2899999618530296,3.1900000572204603,3.32999992370605,99800,2016-09-21
20327954,LIFE,3.29999995231628,3.32999992370605,3.32999992370605,3.25999999046326,3.5,243000,2016-09-22
20327966,LIFE,3.3199999332427996,3.29999995231628,3.29999995231628,3.2100000381469704,3.4000000953674303,99100,2016-09-23
20327968,LIFE,3.27999997138977,3.2699999809265097,3.2699999809265097,3.1500000953674303,3.32999992370605,41600,2016-09-26
20327980,LIFE,3.3150000572204603,3.29999995231628,3.29999995231628,3.22000002861023,3.42000007629395,58800,2016-09-27
20327982,LIFE,3.3099999427795397,3.2300000190734903,3.2300000190734903,3.20000004768372,3.33999991416931,32100,2016-09-28
20327995,LIFE,3.25,3.1800000667572004,3.1800000667572004,3.16000008583069,3.27900004386902,101900,2016-09-29
20327997,LIFE,3.17000007629395,3.1800000667572004,3.1800000667572004,3.1500000953674303,3.29999995231628,85200,2016-09-30
20328009,LIFE,3.1800000667572004,3.1900000572204603,3.1900000572204603,3.16000008583069,3.24000000953674,57700,2016-10-03
20328011,LIFE,3.20000004768372,3.22000002861023,3.22000002861023,3.16000008583069,3.2899999618530296,77200,2016-10-04
20328024,LIFE,3.2590000629425,3.25,3.25,3.2300000190734903,3.3800001144409197,131400,2016-10-05
20328026,LIFE,3.20000004768372,2.97000002861023,2.97000002861023,2.97000002861023,3.26300001144409,288600,2016-10-06
20328038,LIFE,2.97000002861023,2.9000000953674303,2.9000000953674303,2.83999991416931,2.99000000953674,135400,2016-10-07
20328040,LIFE,2.92000007629395,3.0399999618530296,3.0399999618530296,2.8800001144409197,3.0399999618530296,249400,2016-10-10
20328052,LIFE,3.0,2.89000010490417,2.89000010490417,2.8800001144409197,3.10800004005432,71400,2016-10-11
20328054,LIFE,2.9000000953674303,2.85999989509583,2.85999989509583,2.8499999046325697,3.0999999046325697,141800,2016-10-12
20328066,LIFE,2.8499999046325697,2.8800001144409197,2.8800001144409197,2.82999992370605,2.89000010490417,56800,2016-10-13
20328068,LIFE,2.8499999046325697,2.77999997138977,2.77999997138977,2.7100000381469704,3.00999999046326,221200,2016-10-14
20328080,LIFE,2.75,2.70000004768372,2.70000004768372,2.70000004768372,2.79999995231628,62100,2016-10-17
20328082,LIFE,2.75,2.75,2.75,2.6500000953674303,2.75,62400,2016-10-18
20328094,LIFE,2.6500000953674303,2.75,2.75,2.6500000953674303,2.8499999046325697,43300,2016-10-19
20328096,LIFE,2.83999991416931,2.95000004768372,2.95000004768372,2.79999995231628,2.95000004768372,42400,2016-10-20
20328108,LIFE,2.95000004768372,2.9000000953674303,2.9000000953674303,2.8499999046325697,3.0,35400,2016-10-21
20328110,LIFE,3.1500000953674303,3.04999995231628,3.04999995231628,3.0,3.25,301800,2016-10-24
20328122,LIFE,3.0,2.8499999046325697,2.8499999046325697,2.82500004768372,3.04999995231628,123400,2016-10-25
20328124,LIFE,2.79999995231628,2.95000004768372,2.95000004768372,2.79999995231628,2.9749999046325697,46000,2016-10-26
20328136,LIFE,3.0,2.9000000953674303,2.9000000953674303,2.9000000953674303,3.04999995231628,58100,2016-10-27
20328138,LIFE,2.9000000953674303,2.79999995231628,2.79999995231628,2.79999995231628,2.95000004768372,27200,2016-10-28
20328150,LIFE,2.75,2.75,2.75,2.70000004768372,2.84899997711182,97300,2016-10-31
20328152,LIFE,2.75,2.6500000953674303,2.6500000953674303,2.5999999046325697,2.8499999046325697,151400,2016-11-01
20328153,LIFE,2.6500000953674303,2.5999999046325697,2.5999999046325697,2.5999999046325697,2.6500000953674303,36000,2016-11-02
20328154,LIFE,2.5999999046325697,2.5499999523162797,2.5499999523162797,2.5499999523162797,2.64599990844727,61000,2016-11-03
20328155,LIFE,2.5499999523162797,2.70000004768372,2.70000004768372,2.5499999523162797,2.70000004768372,51800,2016-11-04
20328165,LIFE,2.75,2.79999995231628,2.79999995231628,2.6500000953674303,2.8499999046325697,84800,2016-11-07
20328167,LIFE,2.5999999046325697,2.70000004768372,2.70000004768372,2.5999999046325697,2.79999995231628,43400,2016-11-08
20328177,LIFE,2.70000004768372,2.95000004768372,2.95000004768372,2.70000004768372,2.95000004768372,103700,2016-11-09
20328179,LIFE,2.95000004768372,3.1500000953674303,3.1500000953674303,2.70000004768372,3.1500000953674303,330800,2016-11-10
20328190,LIFE,3.1500000953674303,3.1500000953674303,3.1500000953674303,2.95000004768372,3.20000004768372,105100,2016-11-11
20328192,LIFE,3.20000004768372,3.5,3.5,2.95000004768372,3.5,318700,2016-11-14
20328193,LIFE,3.5,3.4000000953674303,3.4000000953674303,3.20000004768372,3.5,107000,2016-11-15
20328203,LIFE,3.4000000953674303,3.4000000953674303,3.4000000953674303,3.25,3.45000004768372,60700,2016-11-16
20328205,LIFE,3.45000004768372,3.5999999046325697,3.5999999046325697,3.3499999046325697,3.6500000953674303,370700,2016-11-17
20328215,LIFE,3.6500000953674303,3.75,3.75,3.54999995231628,3.79999995231628,468600,2016-11-18
20328217,LIFE,3.75,3.54999995231628,3.54999995231628,3.29999995231628,3.79999995231628,154300,2016-11-21
20328227,LIFE,3.54999995231628,3.29999995231628,3.29999995231628,3.29999995231628,3.6500000953674303,124600,2016-11-22
20328229,LIFE,3.25,3.29999995231628,3.29999995231628,3.1500000953674303,3.45000004768372,94300,2016-11-23
20328239,LIFE,3.20000004768372,3.1500000953674303,3.1500000953674303,3.1500000953674303,3.29999995231628,21700,2016-11-25
20328241,LIFE,3.0999999046325697,3.04999995231628,3.04999995231628,3.0,3.20000004768372,109200,2016-11-28
20328251,LIFE,3.0,3.1500000953674303,3.1500000953674303,3.0,3.1500000953674303,36900,2016-11-29
20328253,LIFE,3.1500000953674303,3.0999999046325697,3.0999999046325697,3.04999995231628,3.1500000953674303,46300,2016-11-30
20328263,LIFE,3.1500000953674303,3.0999999046325697,3.0999999046325697,3.04999995231628,3.20000004768372,69500,2016-12-01
20328265,LIFE,3.0999999046325697,3.04999995231628,3.04999995231628,2.9000000953674303,3.0999999046325697,82400,2016-12-02
20328275,LIFE,3.0,3.25,3.25,3.0,3.2969999313354506,64800,2016-12-05
20328277,LIFE,3.25,3.4000000953674303,3.4000000953674303,3.25,3.45000004768372,83300,2016-12-06
20328287,LIFE,3.4000000953674303,3.4000000953674303,3.4000000953674303,3.29999995231628,3.45000004768372,77200,2016-12-07
20328289,LIFE,3.3499999046325697,3.54999995231628,3.54999995231628,3.3499999046325697,3.5999999046325697,113400,2016-12-08
20328299,LIFE,3.5999999046325697,3.5999999046325697,3.5999999046325697,3.5,3.68799996376038,141700,2016-12-09
20328301,LIFE,3.54999995231628,3.6500000953674303,3.6500000953674303,3.4000000953674303,3.6500000953674303,162500,2016-12-12
20328311,LIFE,3.20000004768372,2.79999995231628,2.79999995231628,2.75,3.3800001144409197,746500,2016-12-13
20328313,LIFE,3.0999999046325697,2.5,2.5,2.4500000476837203,3.0999999046325697,351900,2016-12-14
20328323,LIFE,2.5,2.3499999046325697,2.3499999046325697,2.2000000476837203,2.6500000953674303,469000,2016-12-15
20328325,LIFE,2.4000000953674303,2.4000000953674303,2.4000000953674303,2.2999999523162797,2.5,1007100,2016-12-16
20328335,LIFE,2.3499999046325697,2.15000009536743,2.15000009536743,2.09999990463257,2.3499999046325697,462200,2016-12-19
20328337,LIFE,2.25,2.15000009536743,2.15000009536743,2.15000009536743,2.2999999523162797,255200,2016-12-20
20328348,LIFE,2.15000009536743,2.2999999523162797,2.2999999523162797,2.09999990463257,2.4500000476837203,428000,2016-12-21
20328350,LIFE,2.3499999046325697,2.4000000953674303,2.4000000953674303,2.2999999523162797,2.45700001716614,475500,2016-12-22
20328365,LIFE,2.4500000476837203,2.4500000476837203,2.4500000476837203,2.4000000953674303,2.5499999523162797,150900,2016-12-23
20328367,LIFE,2.4000000953674303,2.5499999523162797,2.5499999523162797,2.4000000953674303,2.5499999523162797,158100,2016-12-27
20328380,LIFE,2.5499999523162797,2.2999999523162797,2.2999999523162797,2.2999999523162797,2.5499999523162797,195700,2016-12-28
20328382,LIFE,2.3499999046325697,2.25,2.25,2.2000000476837203,2.4000000953674303,167900,2016-12-29
20328394,LIFE,2.25,2.15000009536743,2.15000009536743,2.125,2.2999999523162797,186300,2016-12-30
20328396,LIFE,2.25,2.3499999046325697,2.3499999046325697,2.25,2.4000000953674303,126800,2017-01-03
20328410,LIFE,2.4000000953674303,2.4500000476837203,2.4500000476837203,2.3499999046325697,2.5250000953674303,123400,2017-01-04
20328412,LIFE,2.5,2.4000000953674303,2.4000000953674303,2.4000000953674303,2.5499999523162797,87100,2017-01-05
20328422,LIFE,2.4500000476837203,2.4500000476837203,2.4500000476837203,2.4249999523162797,2.5,52900,2017-01-06
20328424,LIFE,2.5,2.5,2.5,2.41000008583069,2.5499999523162797,51200,2017-01-09
20328434,LIFE,2.5,2.5,2.5,2.5,2.5999999046325697,114100,2017-01-10
20328436,LIFE,2.5499999523162797,2.3499999046325697,2.3499999046325697,2.3499999046325697,2.5999999046325697,165000,2017-01-11
20328446,LIFE,2.3499999046325697,2.5,2.5,2.2999999523162797,2.5499999523162797,115300,2017-01-12
20328448,LIFE,2.5,2.5,2.5,2.5,2.5499999523162797,28800,2017-01-13
20328458,LIFE,2.5,2.4500000476837203,2.4500000476837203,2.4500000476837203,2.58200001716614,157700,2017-01-17
20328460,LIFE,2.75,3.25,3.25,2.70000004768372,3.45000004768372,3103700,2017-01-18
20328461,LIFE,3.0,3.0,3.0,2.9000000953674303,3.0999999046325697,517800,2017-01-19
20328471,LIFE,2.95000004768372,3.0,3.0,2.9000000953674303,3.04999995231628,129100,2017-01-20
20328473,LIFE,2.95000004768372,2.95000004768372,2.95000004768372,2.9000000953674303,3.0,116400,2017-01-23
20328483,LIFE,2.9000000953674303,3.04999995231628,3.04999995231628,2.9000000953674303,3.0999999046325697,125000,2017-01-24
20328485,LIFE,3.0,3.04999995231628,3.04999995231628,2.9000000953674303,3.1500000953674303,81100,2017-01-25
20328495,LIFE,2.95000004768372,3.04999995231628,3.04999995231628,2.9000000953674303,3.0999999046325697,86900,2017-01-26
20328497,LIFE,3.0999999046325697,3.0,3.0,3.0,3.0999999046325697,39500,2017-01-27
20328507,LIFE,2.95000004768372,3.29999995231628,3.29999995231628,2.95000004768372,3.3499999046325697,157600,2017-01-30
20328509,LIFE,3.3499999046325697,3.29999995231628,3.29999995231628,3.0999999046325697,3.4000000953674303,181400,2017-01-31
20328519,LIFE,3.29999995231628,3.25,3.25,3.25,3.4000000953674303,104700,2017-02-01
20328521,LIFE,3.25,3.25,3.25,3.25,3.29999995231628,62700,2017-02-02
20328531,LIFE,3.25,3.25,3.25,3.25,3.29999995231628,41400,2017-02-03
20328533,LIFE,3.25,3.4000000953674303,3.4000000953674303,3.25,3.45000004768372,296800,2017-02-06
20328543,LIFE,3.4000000953674303,3.29999995231628,3.29999995231628,3.29999995231628,3.4000000953674303,84400,2017-02-07
20328547,LIFE,3.3499999046325697,3.29999995231628,3.29999995231628,3.29999995231628,3.3499999046325697,40500,2017-02-08
20328557,LIFE,3.29999995231628,3.3499999046325697,3.3499999046325697,3.29999995231628,3.3499999046325697,37600,2017-02-09
20328561,LIFE,3.4000000953674303,3.4000000953674303,3.4000000953674303,3.29999995231628,3.4000000953674303,59000,2017-02-10
20328571,LIFE,3.42499995231628,3.3499999046325697,3.3499999046325697,3.3499999046325697,3.4300000667572004,101800,2017-02-13
20328575,LIFE,3.4000000953674303,3.3499999046325697,3.3499999046325697,3.3499999046325697,3.5329999923706095,190500,2017-02-14
20328585,LIFE,3.4000000953674303,3.4000000953674303,3.4000000953674303,3.29999995231628,3.5,86800,2017-02-15
20328589,LIFE,3.42499995231628,3.45000004768372,3.45000004768372,3.42499995231628,3.5,52400,2017-02-16
20328599,LIFE,3.5,3.54999995231628,3.54999995231628,3.5,3.54999995231628,54600,2017-02-17
20328603,LIFE,3.5999999046325697,3.6500000953674303,3.6500000953674303,3.5,3.70000004768372,102500,2017-02-21
20328613,LIFE,3.66100001335144,3.7249999046325697,3.7249999046325697,3.6500000953674303,3.75,60300,2017-02-22
20328617,LIFE,3.75,3.42499995231628,3.42499995231628,3.4000000953674303,3.79999995231628,54400,2017-02-23
20328627,LIFE,3.4000000953674303,3.375,3.375,3.3499999046325697,3.4000000953674303,56300,2017-02-24
20328631,LIFE,3.3499999046325697,3.45000004768372,3.45000004768372,3.3499999046325697,3.5,66100,2017-02-27
20328641,LIFE,4.150000095367431,4.0,4.0,3.8499999046325697,4.449999809265139,4127700,2017-02-28
20328645,LIFE,3.95000004768372,3.75,3.75,3.70000004768372,4.0,463200,2017-03-01
20328655,LIFE,3.79999995231628,3.54999995231628,3.54999995231628,3.5,3.8989999294281,88500,2017-03-02
20328659,LIFE,3.8499999046325697,3.45000004768372,3.45000004768372,3.32500004768372,3.95000004768372,401000,2017-03-03
20328669,LIFE,3.4000000953674303,3.4000000953674303,3.4000000953674303,3.29999995231628,3.45000004768372,91300,2017-03-06
20328673,LIFE,3.3499999046325697,3.3499999046325697,3.3499999046325697,3.29999995231628,3.3989999294281,55100,2017-03-07
20328683,LIFE,3.29999995231628,3.3499999046325697,3.3499999046325697,3.29999995231628,3.3499999046325697,52000,2017-03-08
20328687,LIFE,3.29999995231628,3.6500000953674303,3.6500000953674303,3.29999995231628,3.6500000953674303,77600,2017-03-09
20328697,LIFE,3.6500000953674303,3.5999999046325697,3.5999999046325697,3.5999999046325697,3.70000004768372,68200,2017-03-10
20328701,LIFE,3.6500000953674303,3.5999999046325697,3.5999999046325697,3.54999995231628,3.70000004768372,92700,2017-03-13
20328711,LIFE,3.55800008773804,3.45000004768372,3.45000004768372,3.4000000953674303,3.6489999294281,38300,2017-03-14
20328715,LIFE,3.54999995231628,3.54999995231628,3.54999995231628,3.45000004768372,3.5999999046325697,24200,2017-03-15
20328725,LIFE,3.5999999046325697,3.79999995231628,3.79999995231628,3.5999999046325697,3.8499999046325697,93800,2017-03-16
20328729,LIFE,4.0,3.79999995231628,3.79999995231628,3.6500000953674303,4.0,63100,2017-03-17
20328739,LIFE,3.75,3.70000004768372,3.70000004768372,3.6500000953674303,3.79999995231628,31900,2017-03-20
20328743,LIFE,3.6500000953674303,3.6500000953674303,3.6500000953674303,3.45000004768372,3.70000004768372,148800,2017-03-21
20328753,LIFE,3.54999995231628,3.45000004768372,3.45000004768372,3.4000000953674303,3.59699988365173,39400,2017-03-22
20328757,LIFE,3.5,3.5,3.5,3.4000000953674303,3.5,34400,2017-03-23
20328767,LIFE,3.4749999046325697,3.54999995231628,3.54999995231628,3.4210000038147004,3.54999995231628,26700,2017-03-24
20328771,LIFE,3.4000000953674303,3.54999995231628,3.54999995231628,3.4000000953674303,3.54999995231628,27100,2017-03-27
20328781,LIFE,3.5,3.54999995231628,3.54999995231628,3.45000004768372,3.54999995231628,46200,2017-03-28
20328785,LIFE,3.4000000953674303,3.5,3.5,3.4000000953674303,3.54999995231628,35000,2017-03-29
20328795,LIFE,3.45000004768372,3.54999995231628,3.54999995231628,3.45000004768372,3.54999995231628,33900,2017-03-30
20328799,LIFE,3.54999995231628,3.5,3.5,3.45000004768372,3.54999995231628,61400,2017-03-31
20328810,LIFE,3.54999995231628,3.5,3.5,3.3499999046325697,3.54999995231628,51700,2017-04-03
20328814,LIFE,3.45000004768372,3.4000000953674303,3.4000000953674303,3.4000000953674303,3.45000004768372,60900,2017-04-04
20328824,LIFE,3.4000000953674303,3.29999995231628,3.29999995231628,3.29999995231628,3.45000004768372,52600,2017-04-05
20328828,LIFE,3.29999995231628,3.3499999046325697,3.3499999046325697,3.29999995231628,3.3499999046325697,24600,2017-04-06
20328838,LIFE,3.29999995231628,3.25,3.25,3.25,3.29999995231628,31300,2017-04-07
20328842,LIFE,3.25,3.25,3.25,3.20000004768372,3.34899997711182,37700,2017-04-10
20328852,LIFE,3.25,3.1500000953674303,3.1500000953674303,3.1500000953674303,3.29999995231628,15900,2017-04-11
20328856,LIFE,3.1500000953674303,3.1500000953674303,3.1500000953674303,3.1500000953674303,3.25,7000,2017-04-12
20328866,LIFE,3.20000004768372,3.1500000953674303,3.1500000953674303,3.0999999046325697,3.20000004768372,38500,2017-04-13
20328870,LIFE,3.20000004768372,3.0,3.0,3.0,3.20000004768372,65900,2017-04-17
20328880,LIFE,3.0,3.0,3.0,3.0,3.04999995231628,26300,2017-04-18
20328884,LIFE,3.04999995231628,3.0250000953674303,3.0250000953674303,3.0,3.0999999046325697,56700,2017-04-19
20328894,LIFE,3.0,3.04999995231628,3.04999995231628,3.0,3.04999995231628,36200,2017-04-20
20328898,LIFE,3.0999999046325697,3.04999995231628,3.04999995231628,3.04999995231628,3.20000004768372,24100,2017-04-21
20328907,LIFE,3.1500000953674303,3.1500000953674303,3.1500000953674303,3.0,3.2100000381469704,80300,2017-04-24
20328911,LIFE,3.1500000953674303,3.25,3.25,3.0999999046325697,3.25,47500,2017-04-25
20328921,LIFE,3.20000004768372,3.4000000953674303,3.4000000953674303,3.20000004768372,3.4000000953674303,48200,2017-04-26
20328925,LIFE,3.45000004768372,3.5,3.5,3.4000000953674303,3.54999995231628,73400,2017-04-27
20328935,LIFE,3.5,3.29999995231628,3.29999995231628,3.25,3.5,36000,2017-04-28
20328939,LIFE,3.29999995231628,3.04999995231628,3.04999995231628,3.0,3.3029999732971205,56500,2017-05-01
20328949,LIFE,3.0999999046325697,3.04999995231628,3.04999995231628,3.04999995231628,3.20000004768372,31700,2017-05-02
20328953,LIFE,3.04999995231628,3.0999999046325697,3.0999999046325697,3.04999995231628,3.0999999046325697,15500,2017-05-03
20328963,LIFE,3.04999995231628,3.0999999046325697,3.0999999046325697,3.0,3.0999999046325697,18600,2017-05-04
20328967,LIFE,3.0999999046325697,3.1500000953674303,3.1500000953674303,3.0999999046325697,3.1500000953674303,12500,2017-05-05
20328977,LIFE,3.29999995231628,3.29999995231628,3.29999995231628,3.25,3.29999995231628,13200,2017-05-08
20328981,LIFE,3.4000000953674303,3.1500000953674303,3.1500000953674303,3.1089999675750697,3.4000000953674303,36800,2017-05-09
20328991,LIFE,3.0999999046325697,3.0999999046325697,3.0999999046325697,3.04999995231628,3.20000004768372,44000,2017-05-10
20328995,LIFE,3.04999995231628,3.0999999046325697,3.0999999046325697,3.04999995231628,3.0999999046325697,15500,2017-05-11
20329005,LIFE,3.04999995231628,3.25,3.25,3.04999995231628,3.25,15800,2017-05-12
20329009,LIFE,3.25,3.3499999046325697,3.3499999046325697,3.25,3.3499999046325697,17700,2017-05-15
20329019,LIFE,3.29999995231628,3.4000000953674303,3.4000000953674303,3.26799988746643,3.4000000953674303,18500,2017-05-16
20329023,LIFE,3.29999995231628,3.29999995231628,3.29999995231628,3.25200009346008,3.4000000953674303,46600,2017-05-17
20329033,LIFE,3.29999995231628,3.32500004768372,3.32500004768372,3.25,3.3529999256133998,25000,2017-05-18
20329037,LIFE,3.3499999046325697,3.4000000953674303,3.4000000953674303,3.32500004768372,3.45000004768372,67000,2017-05-19
20329047,LIFE,3.4000000953674303,3.54999995231628,3.54999995231628,3.3499999046325697,3.5999999046325697,57400,2017-05-22
20329051,LIFE,3.5,3.54999995231628,3.54999995231628,3.5,3.57500004768372,14000,2017-05-23
20329061,LIFE,3.5,3.5,3.5,3.45000004768372,3.5,2700,2017-05-24
20329065,LIFE,3.21300005912781,3.4000000953674303,3.4000000953674303,3.2060000896453897,3.5,25300,2017-05-25
20329075,LIFE,3.35999989509583,3.29999995231628,3.29999995231628,3.20000004768372,3.3610000610351602,24000,2017-05-26
20329079,LIFE,3.25,3.20000004768372,3.20000004768372,3.20000004768372,3.3499999046325697,10800,2017-05-30
20329089,LIFE,3.20000004768372,3.29999995231628,3.29999995231628,3.1500000953674303,3.29999995231628,14100,2017-05-31
20329093,LIFE,3.25,3.3499999046325697,3.3499999046325697,3.25,3.45000004768372,15800,2017-06-01
20329103,LIFE,3.45000004768372,3.5,3.5,3.4470000267028795,3.5999999046325697,37700,2017-06-02
20329107,LIFE,3.47699999809265,3.4000000953674303,3.4000000953674303,3.4000000953674303,3.5,14200,2017-06-05
20329117,LIFE,3.4000000953674303,3.4000000953674303,3.4000000953674303,3.4000000953674303,3.4590001106262203,8200,2017-06-06
20329121,LIFE,3.44899988174438,3.5,3.5,3.4000000953674303,3.54999995231628,26600,2017-06-07
20329131,LIFE,3.54999995231628,3.45000004768372,3.45000004768372,3.4000000953674303,3.5999999046325697,19100,2017-06-08
20329135,LIFE,3.54999995231628,3.4000000953674303,3.4000000953674303,3.4000000953674303,3.54999995231628,20400,2017-06-09
20329145,LIFE,3.3499999046325697,3.4000000953674303,3.4000000953674303,3.29999995231628,3.45000004768372,41000,2017-06-12
20329149,LIFE,3.45000004768372,3.45000004768372,3.45000004768372,3.4000000953674303,3.45000004768372,5400,2017-06-13
20329159,LIFE,3.35800004005432,3.4000000953674303,3.4000000953674303,3.3499999046325697,3.45000004768372,14300,2017-06-14
20329163,LIFE,3.3499999046325697,3.3499999046325697,3.3499999046325697,3.3499999046325697,3.4000000953674303,10800,2017-06-15
20329173,LIFE,3.3499999046325697,3.54999995231628,3.54999995231628,3.3499999046325697,3.54999995231628,13000,2017-06-16
20329177,LIFE,3.54999995231628,3.5999999046325697,3.5999999046325697,3.4749999046325697,3.5999999046325697,41200,2017-06-19
20329187,LIFE,3.5999999046325697,3.5999999046325697,3.5999999046325697,3.54999995231628,3.5999999046325697,29200,2017-06-20
20329191,LIFE,3.6500000953674303,3.67499995231628,3.67499995231628,3.5999999046325697,3.70000004768372,11800,2017-06-21
20329201,LIFE,3.70000004768372,3.70000004768372,3.70000004768372,3.54999995231628,3.75,31300,2017-06-22
20329205,LIFE,3.6500000953674303,3.6500000953674303,3.6500000953674303,3.6159999370575,3.75,22100,2017-06-23
20329215,LIFE,3.5999999046325697,3.6500000953674303,3.6500000953674303,3.5999999046325697,3.75,19700,2017-06-26
20329219,LIFE,3.5999999046325697,3.6500000953674303,3.6500000953674303,3.5999999046325697,3.70000004768372,21300,2017-06-27
20329229,LIFE,3.70000004768372,3.70000004768372,3.70000004768372,3.5999999046325697,3.75,13300,2017-06-28
20329233,LIFE,3.75,3.6500000953674303,3.6500000953674303,3.5650000572204603,3.75,20100,2017-06-29
20329243,LIFE,3.5999999046325697,3.4000000953674303,3.4000000953674303,3.4000000953674303,3.70000004768372,27700,2017-06-30
20329247,LIFE,3.4000000953674303,3.1500000953674303,3.1500000953674303,3.11700010299683,3.45000004768372,58000,2017-07-03
20329257,LIFE,3.20000004768372,3.29999995231628,3.29999995231628,3.20000004768372,3.32500004768372,16700,2017-07-05
20329261,LIFE,3.25,3.3499999046325697,3.3499999046325697,3.20000004768372,3.4000000953674303,55800,2017-07-06
20329271,LIFE,3.4000000953674303,3.5,3.5,3.3499999046325697,3.5,11100,2017-07-07
20329275,LIFE,3.45000004768372,3.45000004768372,3.45000004768372,3.3499999046325697,3.5999999046325697,63300,2017-07-10
20329285,LIFE,3.4000000953674303,3.29999995231628,3.29999995231628,3.29999995231628,3.45000004768372,22700,2017-07-11
20329289,LIFE,3.3499999046325697,3.29999995231628,3.29999995231628,3.25,3.4000000953674303,8400,2017-07-12
20329299,LIFE,3.29999995231628,3.2750000953674303,3.2750000953674303,3.20000004768372,3.29999995231628,15300,2017-07-13
20329303,LIFE,3.29999995231628,3.29999995231628,3.29999995231628,3.25,3.29999995231628,43700,2017-07-14
20329313,LIFE,3.2809998989105202,3.3499999046325697,3.3499999046325697,3.2750000953674303,3.3499999046325697,9200,2017-07-17
20329317,LIFE,3.3499999046325697,3.3499999046325697,3.3499999046325697,3.3499999046325697,3.4000000953674303,7500,2017-07-18
20329327,LIFE,3.4000000953674303,3.4000000953674303,3.4000000953674303,3.25,3.5999999046325697,114100,2017-07-19
20329331,LIFE,3.3499999046325697,3.4000000953674303,3.4000000953674303,3.29999995231628,3.5,52900,2017-07-20
20329341,LIFE,3.45000004768372,3.25,3.25,3.25,3.5,26300,2017-07-21
20329345,LIFE,3.29999995231628,3.54999995231628,3.54999995231628,3.25,3.54999995231628,36800,2017-07-24
20329355,LIFE,3.54999995231628,3.4000000953674303,3.4000000953674303,3.4000000953674303,3.54999995231628,20600,2017-07-25
20329359,LIFE,3.3499999046325697,3.4000000953674303,3.4000000953674303,3.3499999046325697,3.5,12500,2017-07-26
20329369,LIFE,3.45000004768372,3.3499999046325697,3.3499999046325697,3.3499999046325697,3.5,14000,2017-07-27
20329373,LIFE,3.45000004768372,3.5,3.5,3.20000004768372,3.5,49400,2017-07-28
20329383,LIFE,3.5,3.45000004768372,3.45000004768372,3.3499999046325697,3.5,7100,2017-07-31
20329387,LIFE,3.45000004768372,3.45000004768372,3.45000004768372,3.4000000953674303,3.45000004768372,23100,2017-08-01
20329397,LIFE,3.4000000953674303,3.4000000953674303,3.4000000953674303,3.4000000953674303,3.45000004768372,33700,2017-08-02
20329401,LIFE,3.45000004768372,3.3499999046325697,3.3499999046325697,3.3499999046325697,3.45000004768372,33700,2017-08-03
20329411,LIFE,3.4000000953674303,3.32500004768372,3.32500004768372,3.29999995231628,3.4000000953674303,11100,2017-08-04
20329415,LIFE,3.3310000896453897,3.1500000953674303,3.1500000953674303,3.1500000953674303,3.3499999046325697,49100,2017-08-07
20329425,LIFE,3.20000004768372,3.25,3.25,3.1500000953674303,3.33299994468689,17400,2017-08-08
20329429,LIFE,3.31699991226196,3.20000004768372,3.20000004768372,3.1500000953674303,3.3499999046325697,41900,2017-08-09
20329439,LIFE,3.20000004768372,3.04999995231628,3.04999995231628,3.0,3.25,21500,2017-08-10
20329443,LIFE,3.0999999046325697,3.04999995231628,3.04999995231628,3.0,3.0999999046325697,12100,2017-08-11
20329453,LIFE,3.0999999046325697,3.25,3.25,3.09599995613098,3.3499999046325697,56100,2017-08-14
20329457,LIFE,3.25,2.9000000953674303,2.9000000953674303,2.79999995231628,3.25,72200,2017-08-15
20329467,LIFE,2.8499999046325697,2.75,2.75,2.70000004768372,2.8499999046325697,215000,2017-08-16
20329471,LIFE,2.7960000038147004,2.70000004768372,2.70000004768372,2.5999999046325697,2.79999995231628,96100,2017-08-17
20329481,LIFE,2.70000004768372,2.5999999046325697,2.5999999046325697,2.5499999523162797,2.75,28400,2017-08-18
20329485,LIFE,2.5499999523162797,2.5999999046325697,2.5999999046325697,2.46300005912781,2.75,52300,2017-08-21
20329495,LIFE,2.5999999046325697,2.5,2.5,2.5,2.70000004768372,26800,2017-08-22
20329499,LIFE,2.5,2.4500000476837203,2.4500000476837203,2.2999999523162797,2.5499999523162797,121200,2017-08-23
20329509,LIFE,2.4500000476837203,2.6500000953674303,2.6500000953674303,2.4000000953674303,2.6500000953674303,25800,2017-08-24
20329513,LIFE,2.5999999046325697,2.5999999046325697,2.5999999046325697,2.5499999523162797,2.6589999198913596,40100,2017-08-25
20329523,LIFE,2.70000004768372,2.75,2.75,2.6500000953674303,2.79999995231628,49800,2017-08-28
20329527,LIFE,2.75,2.79999995231628,2.79999995231628,2.75,2.8499999046325697,20700,2017-08-29
20329537,LIFE,2.86700010299683,3.0,3.0,2.86199998855591,3.0999999046325697,74100,2017-08-30
20329541,LIFE,3.04999995231628,3.04999995231628,3.04999995231628,2.95000004768372,3.20000004768372,85900,2017-08-31
20329551,LIFE,3.0250000953674303,3.04999995231628,3.04999995231628,3.0,3.0999999046325697,22200,2017-09-01
20329555,LIFE,3.0,2.75,2.75,2.70000004768372,3.0250000953674303,52800,2017-09-05
20329565,LIFE,2.9000000953674303,2.79999995231628,2.79999995231628,2.75,2.9000000953674303,49600,2017-09-06
20329569,LIFE,3.04999995231628,3.04999995231628,3.04999995231628,2.92499995231628,3.1500000953674303,109300,2017-09-07
20329580,LIFE,3.0999999046325697,3.1500000953674303,3.1500000953674303,3.0,3.25,94300,2017-09-08
20329581,LIFE,3.25,3.0,3.0,3.0,3.25,63800,2017-09-11
20329585,LIFE,3.04999995231628,3.04999995231628,3.04999995231628,2.95000004768372,3.1500000953674303,33300,2017-09-12
20329595,LIFE,3.04999995231628,3.25,3.25,3.04999995231628,3.29999995231628,84700,2017-09-13
20329599,LIFE,3.29999995231628,3.29999995231628,3.29999995231628,3.25,3.5,71000,2017-09-14
20329609,LIFE,3.29999995231628,3.70000004768372,3.70000004768372,3.29999995231628,3.70000004768372,219600,2017-09-15
20329613,LIFE,3.70000004768372,3.875,3.875,3.64000010490417,3.88800001144409,191900,2017-09-18
20329623,LIFE,3.9000000953674303,3.8499999046325697,3.8499999046325697,3.70000004768372,3.9000000953674303,72400,2017-09-19
20329627,LIFE,3.8029999732971205,3.9000000953674303,3.9000000953674303,3.75,4.05000019073486,225900,2017-09-20
20329637,LIFE,3.95000004768372,3.875,3.875,3.8139998912811297,4.099999904632569,92400,2017-09-21
20329641,LIFE,3.8499999046325697,4.05000019073486,4.05000019073486,3.79999995231628,4.099999904632569,107900,2017-09-22
20329651,LIFE,4.05000019073486,4.05000019073486,4.05000019073486,4.0,4.099999904632569,104700,2017-09-25
20329656,LIFE,4.05000019073486,4.19999980926514,4.19999980926514,4.05000019073486,4.25,233300,2017-09-26
20329666,LIFE,4.19999980926514,4.59999990463257,4.59999990463257,4.19999980926514,4.65000009536743,194800,2017-09-27
20329670,LIFE,4.550000190734861,4.75,4.75,4.5,4.949999809265139,213100,2017-09-28
20329680,LIFE,4.84999990463257,5.050000190734861,5.050000190734861,4.699999809265139,5.34999990463257,409400,2017-09-29
20329684,LIFE,5.25,5.0,5.0,4.800000190734861,5.25,136100,2017-10-02
20329694,LIFE,5.0,4.75,4.75,4.75,5.0,158700,2017-10-03
20329698,LIFE,4.75,5.650000095367429,5.650000095367429,4.59999990463257,6.400000095367429,543900,2017-10-04
20329708,LIFE,5.800000190734861,5.699999809265139,5.699999809265139,5.15000009536743,5.849999904632571,273100,2017-10-05
20329713,LIFE,5.599999904632571,5.375,5.375,5.25,5.699999809265139,151400,2017-10-06
20329723,LIFE,5.400000095367429,5.5,5.5,5.09999990463257,5.7069997787475595,108000,2017-10-09
20329727,LIFE,5.5,5.650000095367429,5.650000095367429,5.449999809265139,5.800000190734861,98300,2017-10-10
20329737,LIFE,5.800000190734861,6.300000190734861,6.300000190734861,5.599999904632571,6.300000190734861,176500,2017-10-11
20329741,LIFE,6.400000095367429,6.199999809265139,6.199999809265139,6.050000190734861,6.49599981307983,100400,2017-10-12
20329751,LIFE,6.099999904632571,5.900000095367429,5.900000095367429,5.650000095367429,6.099999904632571,125900,2017-10-13
20329755,LIFE,5.949999809265139,5.599999904632571,5.599999904632571,5.5,6.0,573400,2017-10-16
20329765,LIFE,5.550000190734861,5.400000095367429,5.400000095367429,5.15000009536743,5.550000190734861,151300,2017-10-17
20329769,LIFE,5.400000095367429,5.34999990463257,5.34999990463257,5.199999809265139,5.650000095367429,104300,2017-10-18
20329779,LIFE,5.25,5.15000009536743,5.15000009536743,4.90000009536743,5.300000190734861,118800,2017-10-19
20329783,LIFE,5.15000009536743,5.09999990463257,5.09999990463257,5.050000190734861,5.449999809265139,73000,2017-10-20
20329793,LIFE,5.199999809265139,4.949999809265139,4.949999809265139,4.84999990463257,5.199999809265139,68300,2017-10-23
20329797,LIFE,5.0,4.90000009536743,4.90000009536743,4.65000009536743,5.0,58200,2017-10-24
20329807,LIFE,4.84999990463257,4.800000190734861,4.800000190734861,4.59999990463257,4.84999990463257,64500,2017-10-25
20329811,LIFE,4.84999990463257,4.800000190734861,4.800000190734861,4.61499977111816,4.84999990463257,42200,2017-10-26
20329821,LIFE,4.800000190734861,5.199999809265139,5.199999809265139,4.65000009536743,5.199999809265139,54800,2017-10-27
20329825,LIFE,4.84999990463257,4.90000009536743,4.90000009536743,4.59999990463257,5.09999990463257,56700,2017-10-30
20329835,LIFE,4.90000009536743,4.800000190734861,4.800000190734861,4.71000003814697,5.0,25900,2017-10-31
20329839,LIFE,4.84999990463257,4.0,4.0,3.8499999046325697,4.90000009536743,154400,2017-11-01
20329849,LIFE,4.0,4.0,4.0,3.8499999046325697,4.150000095367431,59100,2017-11-02
20329853,LIFE,4.0,4.449999809265139,4.449999809265139,3.9000000953674303,4.59999990463257,61000,2017-11-03
20329863,LIFE,4.5,4.5,4.5,4.25,4.90000009536743,32400,2017-11-06
20329867,LIFE,4.40000009536743,4.30000019073486,4.30000019073486,4.25,4.59999990463257,25300,2017-11-07
20329877,LIFE,4.36499977111816,4.25,4.25,4.19999980926514,4.36499977111816,25600,2017-11-08
20329881,LIFE,4.19999980926514,4.099999904632569,4.099999904632569,4.099999904632569,4.19999980926514,26900,2017-11-09
20329891,LIFE,4.05000019073486,3.95000004768372,3.95000004768372,3.95000004768372,4.099999904632569,55400,2017-11-10
20329895,LIFE,3.95000004768372,3.6500000953674303,3.6500000953674303,3.5999999046325697,4.05000019073486,48500,2017-11-13
20329905,LIFE,3.6500000953674303,3.70000004768372,3.70000004768372,3.5999999046325697,3.8499999046325697,18700,2017-11-14
20329909,LIFE,3.6500000953674303,3.8499999046325697,3.8499999046325697,3.6500000953674303,4.0,29500,2017-11-15
20329919,LIFE,3.9000000953674303,3.8499999046325697,3.8499999046325697,3.8150000572204603,4.05000019073486,49300,2017-11-16
20329923,LIFE,3.77999997138977,3.8499999046325697,3.8499999046325697,3.75,3.9000000953674303,20400,2017-11-17
20329933,LIFE,3.79999995231628,3.75,3.75,3.70000004768372,3.8499999046325697,21500,2017-11-20
20329937,LIFE,3.70000004768372,3.8499999046325697,3.8499999046325697,3.70000004768372,4.0,76300,2017-11-21
20329947,LIFE,3.9000000953674303,3.95000004768372,3.95000004768372,3.79999995231628,4.0,35900,2017-11-22
20329951,LIFE,3.95000004768372,4.0,4.0,3.79999995231628,4.05000019073486,66000,2017-11-24
20329961,LIFE,4.0,4.349999904632569,4.349999904632569,4.0,4.349999904632569,22900,2017-11-27
20329965,LIFE,4.30000019073486,4.25,4.25,4.025000095367431,4.3289999961853,32000,2017-11-28
20329975,LIFE,4.150000095367431,4.099999904632569,4.099999904632569,4.05000019073486,4.25,21600,2017-11-29
20329979,LIFE,4.05000019073486,3.9000000953674303,3.9000000953674303,3.9000000953674303,4.25,52300,2017-11-30
20329989,LIFE,3.97699999809265,4.0,4.0,3.88599991798401,4.099999904632569,42300,2017-12-01
20329993,LIFE,4.099999904632569,3.9000000953674303,3.9000000953674303,3.8499999046325697,4.349999904632569,16300,2017-12-04
20330003,LIFE,3.8499999046325697,3.79999995231628,3.79999995231628,3.70000004768372,3.95000004768372,27500,2017-12-05
20330007,LIFE,3.75,3.75,3.75,3.5999999046325697,3.75,30200,2017-12-06
20330017,LIFE,3.75,3.9000000953674303,3.9000000953674303,3.70099997520447,4.05000019073486,28200,2017-12-07
20330021,LIFE,3.9000000953674303,4.0,4.0,3.80100011825562,4.05000019073486,36200,2017-12-08
20330031,LIFE,4.05000019073486,3.9000000953674303,3.9000000953674303,3.8499999046325697,4.05000019073486,40700,2017-12-11
20330035,LIFE,3.95000004768372,3.5999999046325697,3.5999999046325697,3.29999995231628,4.0,83500,2017-12-12
20330046,LIFE,3.6500000953674303,3.54999995231628,3.54999995231628,3.5,3.67499995231628,44500,2017-12-13
20330050,LIFE,3.5999999046325697,3.54999995231628,3.54999995231628,3.54999995231628,3.8499999046325697,48400,2017-12-14
20330060,LIFE,3.7100000381469704,3.5999999046325697,3.5999999046325697,3.54999995231628,3.79999995231628,63500,2017-12-15
20330064,LIFE,3.6500000953674303,3.75,3.75,3.6500000953674303,3.9000000953674303,29900,2017-12-18
20330074,LIFE,3.76900005340576,3.54999995231628,3.54999995231628,3.54999995231628,3.79999995231628,45500,2017-12-19
20330078,LIFE,3.75,3.79999995231628,3.79999995231628,3.70000004768372,3.8499999046325697,51900,2017-12-20
20330088,LIFE,3.79999995231628,3.8499999046325697,3.8499999046325697,3.79999995231628,3.95000004768372,28200,2017-12-21
20330092,LIFE,3.8499999046325697,3.8499999046325697,3.8499999046325697,3.5999999046325697,3.8499999046325697,41700,2017-12-22
20330102,LIFE,3.8499999046325697,3.79999995231628,3.79999995231628,3.75,3.9000000953674303,11600,2017-12-26
20330106,LIFE,3.79900002479553,3.70000004768372,3.70000004768372,3.54999995231628,3.79999995231628,19200,2017-12-27
20330117,LIFE,3.70000004768372,3.75,3.75,3.6500000953674303,3.8499999046325697,32600,2017-12-28
20330121,LIFE,3.4000000953674303,3.5,3.5,3.4000000953674303,3.7249999046325697,93900,2017-12-29
20330131,LIFE,3.5999999046325697,3.79999995231628,3.79999995231628,3.5999999046325697,3.8499999046325697,55100,2018-01-02
20330136,LIFE,3.9000000953674303,3.79999995231628,3.79999995231628,3.70099997520447,3.9000000953674303,28800,2018-01-03
20330147,LIFE,3.75,3.75,3.75,3.5999999046325697,3.8499999046325697,14800,2018-01-04
20330151,LIFE,3.79999995231628,3.8499999046325697,3.8499999046325697,3.75,3.8989999294281,7600,2018-01-05
20330161,LIFE,3.75,3.9000000953674303,3.9000000953674303,3.70000004768372,3.95000004768372,71300,2018-01-08
20330165,LIFE,3.9000000953674303,3.8499999046325697,3.8499999046325697,3.79999995231628,4.0,40500,2018-01-09
20330175,LIFE,3.79999995231628,3.95000004768372,3.95000004768372,3.79999995231628,3.95000004768372,4400,2018-01-10
20330179,LIFE,4.0,3.95000004768372,3.95000004768372,3.9000000953674303,4.0,16400,2018-01-11
20330189,LIFE,4.0,3.9000000953674303,3.9000000953674303,3.8499999046325697,4.05000019073486,62800,2018-01-12
20330193,LIFE,3.9000000953674303,4.0,4.0,3.9000000953674303,4.05000019073486,36100,2018-01-16
20330203,LIFE,4.0,4.150000095367431,4.150000095367431,3.9400000572204603,4.22399997711182,38500,2018-01-17
20330207,LIFE,4.19999980926514,4.099999904632569,4.099999904632569,4.06699991226196,4.19999980926514,16200,2018-01-18
20330217,LIFE,4.1290001869201705,3.95000004768372,3.95000004768372,3.95000004768372,4.1290001869201705,10600,2018-01-19
20330221,LIFE,3.9000000953674303,4.07499980926514,4.07499980926514,3.9000000953674303,4.099999904632569,33200,2018-01-22
20330231,LIFE,4.07499980926514,4.0,4.0,4.0,4.099999904632569,14600,2018-01-23
20330235,LIFE,3.95000004768372,3.8499999046325697,3.8499999046325697,3.79299998283386,3.9530000686645494,24200,2018-01-24
20330245,LIFE,3.8499999046325697,3.8499999046325697,3.8499999046325697,3.65100002288818,3.8499999046325697,12700,2018-01-25
20330249,LIFE,3.8499999046325697,3.75,3.75,3.6500000953674303,3.86299991607666,44300,2018-01-26
20330259,LIFE,3.75,3.79999995231628,3.79999995231628,3.75,3.8499999046325697,10200,2018-01-29
20330263,LIFE,3.6500000953674303,3.6500000953674303,3.6500000953674303,3.5999999046325697,3.75,22400,2018-01-30
20330273,LIFE,3.5999999046325697,3.54999995231628,3.54999995231628,3.54999995231628,3.6500000953674303,19100,2018-01-31
20330277,LIFE,3.54999995231628,3.3499999046325697,3.3499999046325697,3.25,3.54999995231628,254000,2018-02-01
20330287,LIFE,3.29999995231628,3.3499999046325697,3.3499999046325697,3.25,3.45000004768372,34200,2018-02-02
20330291,LIFE,3.4000000953674303,3.25,3.25,3.20000004768372,3.4000000953674303,29700,2018-02-05
20330301,LIFE,3.1500000953674303,3.29999995231628,3.29999995231628,3.1500000953674303,3.29999995231628,36800,2018-02-06
20330305,LIFE,3.25,3.45000004768372,3.45000004768372,3.0999999046325697,3.5,155200,2018-02-07
20330315,LIFE,3.4000000953674303,3.5,3.5,3.3499999046325697,3.5999999046325697,53700,2018-02-08
20330319,LIFE,3.5529999732971205,3.3499999046325697,3.3499999046325697,3.20000004768372,3.5529999732971205,20900,2018-02-09
20330329,LIFE,3.5,3.4000000953674303,3.4000000953674303,3.4000000953674303,3.5999999046325697,8200,2018-02-12
20330333,LIFE,3.4000000953674303,3.5,3.5,3.4000000953674303,3.5,9100,2018-02-13
20330343,LIFE,3.29999995231628,3.25,3.25,3.1500000953674303,3.4000000953674303,62500,2018-02-14
20330347,LIFE,3.20000004768372,3.0999999046325697,3.0999999046325697,3.0999999046325697,3.29999995231628,132400,2018-02-15
20330357,LIFE,3.0999999046325697,3.1500000953674303,3.1500000953674303,3.00399994850159,3.24300003051758,30100,2018-02-16
20330361,LIFE,3.20000004768372,3.0999999046325697,3.0999999046325697,3.0999999046325697,3.25,36300,2018-02-20
20330371,LIFE,3.125,3.1500000953674303,3.1500000953674303,3.0999999046325697,3.20000004768372,23600,2018-02-21
20330375,LIFE,3.0999999046325697,3.0,3.0,3.0,3.1500000953674303,48800,2018-02-22
20330385,LIFE,3.04999995231628,2.95000004768372,2.95000004768372,2.79999995231628,3.0999999046325697,80200,2018-02-23
20330389,LIFE,3.0,2.95000004768372,2.95000004768372,2.85599994659424,3.04999995231628,18500,2018-02-26
20330399,LIFE,2.9000000953674303,2.8499999046325697,2.8499999046325697,2.8029999732971205,3.03800010681152,32000,2018-02-27
20330404,LIFE,2.82500004768372,2.95000004768372,2.95000004768372,2.79999995231628,3.04999995231628,44000,2018-02-28
20330414,LIFE,2.95000004768372,2.95000004768372,2.95000004768372,2.8499999046325697,2.9749999046325697,52400,2018-03-01
20330418,LIFE,2.95000004768372,3.0,3.0,2.8499999046325697,3.04999995231628,31100,2018-03-02
20330428,LIFE,3.0,3.0,3.0,2.9340000152587904,3.04999995231628,30200,2018-03-05
20330433,LIFE,2.95000004768372,3.0,3.0,2.95000004768372,3.04999995231628,30800,2018-03-06
20330444,LIFE,2.95000004768372,3.0,3.0,2.95000004768372,3.04999995231628,219200,2018-03-07
20330448,LIFE,3.0,3.0,3.0,2.95700001716614,3.04999995231628,68600,2018-03-08
20330460,LIFE,2.95000004768372,3.0,3.0,2.95000004768372,3.04999995231628,45400,2018-03-09
20330464,LIFE,3.0,3.0,3.0,3.0,3.0999999046325697,133200,2018-03-12
20330465,LIFE,3.0,2.95000004768372,2.95000004768372,2.95000004768372,3.04999995231628,22400,2018-03-13
20330477,LIFE,3.0,3.0,3.0,2.9749999046325697,3.0999999046325697,47000,2018-03-14
20330481,LIFE,3.0,2.95000004768372,2.95000004768372,2.95000004768372,3.04999995231628,17800,2018-03-15
20330482,LIFE,3.04999995231628,3.0,3.0,2.95000004768372,3.04999995231628,81600,2018-03-16
20330483,LIFE,3.0,3.0,3.0,2.95000004768372,3.0999999046325697,67800,2018-03-19
20330484,LIFE,2.95000004768372,2.9000000953674303,2.9000000953674303,2.80100011825562,3.0,58300,2018-03-20
20330485,LIFE,2.90100002288818,3.0,3.0,2.9000000953674303,3.04999995231628,42300,2018-03-21
20330496,LIFE,3.0,2.95000004768372,2.95000004768372,2.92499995231628,3.04999995231628,37700,2018-03-22
20330500,LIFE,3.0,2.95000004768372,2.95000004768372,2.8499999046325697,3.0,15200,2018-03-23
20330512,LIFE,2.95000004768372,2.95000004768372,2.95000004768372,2.9000000953674303,3.0,37800,2018-03-26
20330516,LIFE,2.95000004768372,2.875,2.875,2.8499999046325697,3.04999995231628,32600,2018-03-27
20330517,LIFE,2.9000000953674303,2.70000004768372,2.70000004768372,2.6500000953674303,2.9000000953674303,198100,2018-03-28
20330518,LIFE,2.5999999046325697,2.6500000953674303,2.6500000953674303,2.5999999046325697,2.75,53400,2018-03-29
20330519,LIFE,2.70000004768372,2.75,2.75,2.70000004768372,2.75,21300,2018-04-02
20330520,LIFE,2.75,2.6500000953674303,2.6500000953674303,2.6500000953674303,2.75,26400,2018-04-03
20330521,LIFE,2.6500000953674303,2.70000004768372,2.70000004768372,2.6500000953674303,2.75,58600,2018-04-04
20330522,LIFE,2.70000004768372,2.70000004768372,2.70000004768372,2.70000004768372,2.75,8900,2018-04-05
20330535,LIFE,2.70000004768372,2.75,2.75,2.6500000953674303,2.75,3900,2018-04-06
20330539,LIFE,2.75,2.6500000953674303,2.6500000953674303,2.6500000953674303,2.75,14900,2018-04-09
20330549,LIFE,2.68700003623962,2.70000004768372,2.70000004768372,2.6500000953674303,2.75,7700,2018-04-10
20330553,LIFE,2.6500000953674303,2.6500000953674303,2.6500000953674303,2.5999999046325697,2.75,26200,2018-04-11
20330563,LIFE,2.6500000953674303,2.70000004768372,2.70000004768372,2.5999999046325697,2.70000004768372,17000,2018-04-12
20330567,LIFE,2.6500000953674303,2.75,2.75,2.5999999046325697,2.75,12100,2018-04-13
20330577,LIFE,2.75,2.6500000953674303,2.6500000953674303,2.6500000953674303,2.75,9200,2018-04-16
20330581,LIFE,2.6500000953674303,2.5499999523162797,2.5499999523162797,2.5,2.6500000953674303,57000,2018-04-17
20330591,LIFE,2.5499999523162797,2.5499999523162797,2.5499999523162797,2.5,2.5999999046325697,17900,2018-04-18
20330595,LIFE,2.5999999046325697,2.4500000476837203,2.4500000476837203,2.4500000476837203,2.5999999046325697,45100,2018-04-19
20330605,LIFE,2.4500000476837203,2.4000000953674303,2.4000000953674303,2.3499999046325697,2.4500000476837203,43300,2018-04-20
20330609,LIFE,2.4000000953674303,2.3499999046325697,2.3499999046325697,2.3499999046325697,2.4500000476837203,14400,2018-04-23
20330619,LIFE,2.4000000953674303,2.4000000953674303,2.4000000953674303,2.3499999046325697,2.4000000953674303,16100,2018-04-24
20330623,LIFE,2.3499999046325697,2.3499999046325697,2.3499999046325697,2.2999999523162797,2.4500000476837203,50300,2018-04-25
20330633,LIFE,2.2999999523162797,2.3499999046325697,2.3499999046325697,2.2999999523162797,2.44400000572205,6100,2018-04-26
20330637,LIFE,2.3499999046325697,2.2999999523162797,2.2999999523162797,2.25,2.4000000953674303,37400,2018-04-27
20330647,LIFE,2.3499999046325697,2.25,2.25,2.25,2.3499999046325697,24400,2018-04-30
20330651,LIFE,2.25,2.3499999046325697,2.3499999046325697,2.25,2.3499999046325697,20300,2018-05-01
20330661,LIFE,2.3499999046325697,2.3499999046325697,2.3499999046325697,2.2999999523162797,2.3499999046325697,15100,2018-05-02
20330665,LIFE,2.4000000953674303,2.3250000476837203,2.3250000476837203,2.2999999523162797,2.4000000953674303,8200,2018-05-03
20330675,LIFE,2.2999999523162797,2.4500000476837203,2.4500000476837203,2.2999999523162797,2.5,23900,2018-05-04
20330679,LIFE,2.4000000953674303,2.4000000953674303,2.4000000953674303,2.3499999046325697,2.4500000476837203,8600,2018-05-07
20330689,LIFE,2.36700010299683,2.3499999046325697,2.3499999046325697,2.3499999046325697,2.4000000953674303,20900,2018-05-08
20330693,LIFE,2.2999999523162797,2.3499999046325697,2.3499999046325697,2.25,2.3499999046325697,30200,2018-05-09
20330703,LIFE,2.3499999046325697,2.25,2.25,2.25,2.3499999046325697,82700,2018-05-10
20330707,LIFE,2.2000000476837203,2.2999999523162797,2.2999999523162797,2.1029999256134,2.2999999523162797,30400,2018-05-11
20330717,LIFE,2.20099997520447,1.54999995231628,1.54999995231628,1.54999995231628,2.2239999771118195,755700,2018-05-14
20330721,LIFE,1.54999995231628,1.35000002384186,1.35000002384186,1.29999995231628,1.60000002384186,477400,2018-05-15
20330731,LIFE,1.35000002384186,0.8500000238418579,0.8500000238418579,0.8000000119209291,1.35000002384186,4538600,2018-05-16
20330735,LIFE,0.9499999880790709,0.9750000238418579,0.9750000238418579,0.904999971389771,0.99099999666214,1867500,2018-05-17
20330745,LIFE,0.9900000095367428,0.9499999880790709,0.9499999880790709,0.935999989509583,1.0,998500,2018-05-18
20330749,LIFE,0.9499999880790709,0.878000020980835,0.878000020980835,0.834999978542328,0.959999978542328,1052200,2018-05-21
20330759,LIFE,0.879999995231628,0.910000026226044,0.910000026226044,0.879999995231628,0.959999978542328,833700,2018-05-22
20330763,LIFE,0.930000007152557,0.915000021457672,0.915000021457672,0.879999995231628,0.959999978542328,331600,2018-05-23
20330773,LIFE,0.9169999957084659,0.8999999761581421,0.8999999761581421,0.8899999856948849,0.930000007152557,123800,2018-05-24
20330777,LIFE,0.910000026226044,0.9200000166893009,0.9200000166893009,0.8999999761581421,0.930000007152557,114000,2018-05-25
20330787,LIFE,0.9250000119209291,0.866999983787537,0.866999983787537,0.855000019073486,0.927999973297119,258400,2018-05-29
20330791,LIFE,0.8600000143051151,0.870000004768372,0.870000004768372,0.855000019073486,0.8980000019073491,185600,2018-05-30
20330801,LIFE,0.8600000143051151,0.902999997138977,0.902999997138977,0.8600000143051151,0.915000021457672,278000,2018-05-31
20330805,LIFE,0.8999999761581421,0.879999995231628,0.879999995231628,0.870000004768372,0.910000026226044,143100,2018-06-01
20330815,LIFE,0.8899999856948849,0.8500000238418579,0.8500000238418579,0.819999992847443,0.8999999761581421,340100,2018-06-04
20330819,LIFE,0.8500000238418579,0.8500000238418579,0.8500000238418579,0.8330000042915341,0.8500000238418579,237400,2018-06-05
20330829,LIFE,0.8500000238418579,0.845000028610229,0.845000028610229,0.834999978542328,0.870000004768372,253700,2018-06-06
20330833,LIFE,0.8600000143051151,0.8999999761581421,0.8999999761581421,0.8500000238418579,0.970000028610229,2270100,2018-06-07
20330843,LIFE,0.9399999976158141,1.02999997138977,1.02999997138977,0.933000028133392,1.22000002861023,10405100,2018-06-08
20330847,LIFE,1.04999995231628,0.989000022411346,0.989000022411346,0.9530000090599059,1.11000001430511,2154000,2018-06-11
20330857,LIFE,0.980000019073486,0.9679999947547909,0.9679999947547909,0.9200000166893009,1.0,838000,2018-06-12
20330861,LIFE,0.9900000095367428,0.959999978542328,0.959999978542328,0.9499999880790709,0.992999970912933,487100,2018-06-13
20330871,LIFE,0.959999978542328,0.962000012397766,0.962000012397766,0.9549999833106991,1.0700000524520898,1534500,2018-06-14
20330875,LIFE,1.0,1.00999999046326,1.00999999046326,0.9750000238418579,1.0700000524520898,1511900,2018-06-15
20330885,LIFE,1.0,1.03600001335144,1.03600001335144,0.980000019073486,1.03999996185303,626000,2018-06-18
20330889,LIFE,1.03999996185303,1.04999995231628,1.04999995231628,1.00999999046326,1.0900000333786,979600,2018-06-19
20330899,LIFE,1.04999995231628,1.27999997138977,1.27999997138977,1.04999995231628,1.36600005626678,2962600,2018-06-20
20330903,LIFE,1.29999995231628,1.16999995708466,1.16999995708466,1.12000000476837,1.36000001430511,2617000,2018-06-21
20330912,LIFE,1.21000003814697,1.1499999761581399,1.1499999761581399,1.09500002861023,1.23000001907349,786000,2018-06-22
20330918,LIFE,1.13999998569489,1.1000000238418601,1.1000000238418601,1.05999994277954,1.1499999761581399,601800,2018-06-25
20330930,LIFE,1.26999998092651,1.00999999046326,1.00999999046326,0.939000010490417,1.27999997138977,3418600,2018-06-26
20330937,LIFE,1.00999999046326,0.973999977111816,0.973999977111816,0.9499999880790709,1.00999999046326,1021000,2018-06-27
20330949,LIFE,0.959999978542328,0.910000026226044,0.910000026226044,0.851000010967255,0.970000028610229,1133100,2018-06-28
20330954,LIFE,0.8899999856948849,0.910000026226044,0.910000026226044,0.879000008106232,0.9200000166893009,246500,2018-06-29
20330964,LIFE,0.9190000295639041,0.879999995231628,0.879999995231628,0.834999978542328,0.9200000166893009,669700,2018-07-02
20330970,LIFE,0.8539999723434449,0.870000004768372,0.870000004768372,0.851000010967255,0.879999995231628,155200,2018-07-03
20330980,LIFE,0.879999995231628,0.9210000038146969,0.9210000038146969,0.8500000238418579,0.930000007152557,1150800,2018-07-05
20330985,LIFE,0.930000007152557,0.939000010490417,0.939000010490417,0.910000026226044,0.987999975681305,1052600,2018-07-06
20330995,LIFE,0.930000007152557,0.9229999780654911,0.9229999780654911,0.8999999761581421,0.9399999976158141,402300,2018-07-09
20330999,LIFE,0.935999989509583,0.9070000052452091,0.9070000052452091,0.90200001001358,0.9399999976158141,191900,2018-07-10
20331009,LIFE,0.90200001001358,0.8999999761581421,0.8999999761581421,0.856000006198883,0.9070000052452091,947400,2018-07-11
20331013,LIFE,0.9070000052452091,0.970000028610229,0.970000028610229,0.870999991893768,0.970000028610229,949300,2018-07-12
20331023,LIFE,0.9900000095367428,0.9399999976158141,0.9399999976158141,0.8899999856948849,1.0900000333786,1907100,2018-07-13
20331027,LIFE,0.9580000042915341,0.912000000476837,0.912000000476837,0.8899999856948849,0.970000028610229,441600,2018-07-16
20331038,LIFE,0.8999999761581421,0.893999993801117,0.893999993801117,0.8849999904632572,0.9200000166893009,371000,2018-07-17
20331042,LIFE,0.910000026226044,0.8930000066757199,0.8930000066757199,0.880999982357025,0.9200000166893009,321800,2018-07-18
20331052,LIFE,0.8899999856948849,0.879999995231628,0.879999995231628,0.870000004768372,0.910000026226044,207700,2018-07-19
20331056,LIFE,0.879999995231628,0.879999995231628,0.879999995231628,0.8569999933242801,0.894999980926514,276000,2018-07-20
20331066,LIFE,0.894999980926514,0.898999989032745,0.898999989032745,0.8600000143051151,0.8999999761581421,153400,2018-07-23
20331071,LIFE,0.888999998569489,0.879999995231628,0.879999995231628,0.8650000095367428,0.9200000166893009,160800,2018-07-24
20331081,LIFE,0.897000014781952,0.861000001430511,0.861000001430511,0.851000010967255,0.898999989032745,200100,2018-07-25
20331086,LIFE,0.8999999761581421,0.8539999723434449,0.8539999723434449,0.810999989509583,0.8999999761581421,723400,2018-07-26
20331096,LIFE,0.8600000143051151,0.8299999833106991,0.8299999833106991,0.790000021457672,0.867999970912933,1275100,2018-07-27
20331101,LIFE,0.8249999880790709,0.8149999976158141,0.8149999976158141,0.699999988079071,0.8259999752044681,2265800,2018-07-30
20331111,LIFE,0.790000021457672,0.776000022888184,0.776000022888184,0.7630000114440921,0.8280000090599059,359000,2018-07-31
20331115,LIFE,0.769999980926514,0.779999971389771,0.779999971389771,0.767000019550323,0.8000000119209291,170000,2018-08-01
20331125,LIFE,0.769999980926514,0.772000014781952,0.772000014781952,0.742999970912933,0.8090000152587891,445200,2018-08-02
20331129,LIFE,0.769999980926514,0.7599999904632572,0.7599999904632572,0.758000016212463,0.8000000119209291,353600,2018-08-03
20331139,LIFE,0.7599999904632572,0.75,0.75,0.7369999885559079,0.8000000119209291,320200,2018-08-06
20331143,LIFE,0.746999979019165,0.714999973773956,0.714999973773956,0.6700000166893011,0.769999980926514,800100,2018-08-07
20331153,LIFE,0.709999978542328,0.699000000953674,0.699000000953674,0.680000007152557,0.7400000095367428,306100,2018-08-08
20331158,LIFE,0.720000028610229,0.699999988079071,0.699999988079071,0.6819999814033512,0.727999985218048,328300,2018-08-09
20331168,LIFE,0.699999988079071,0.6869999766349789,0.6869999766349789,0.653999984264374,0.71399998664856,397300,2018-08-10
20331172,LIFE,0.699999988079071,0.647000014781952,0.647000014781952,0.6460000276565551,0.699999988079071,271500,2018-08-13
20331182,LIFE,0.6980000138282779,0.6600000262260439,0.6600000262260439,0.6140000224113461,0.6980000138282779,1786200,2018-08-14
20331186,LIFE,0.6700000166893011,0.630999982357025,0.630999982357025,0.6269999742507929,0.720000028610229,1776100,2018-08-15
20331196,LIFE,0.625,0.610000014305115,0.610000014305115,0.601000010967255,0.657000005245209,575500,2018-08-16
20331200,LIFE,0.6499999761581421,0.6510000228881839,0.6510000228881839,0.6110000014305109,0.675000011920929,437600,2018-08-17
20331210,LIFE,0.666000008583069,0.662999987602234,0.662999987602234,0.6510000228881839,0.680000007152557,302300,2018-08-20
20331214,LIFE,0.680000007152557,0.694000005722046,0.694000005722046,0.6700000166893011,0.699999988079071,748300,2018-08-21
20331224,LIFE,0.699999988079071,0.639999985694885,0.639999985694885,0.6110000014305109,0.699999988079071,812800,2018-08-22
20331228,LIFE,0.6200000047683721,0.6200000047683721,0.6200000047683721,0.610000014305115,0.6549999713897711,583400,2018-08-23
20331238,LIFE,0.612999975681305,0.638000011444092,0.638000011444092,0.605000019073486,0.648999989032745,191000,2018-08-24
