,ticker,open,close,Adj Close,low,high,volume,Date
19657894,LTC,26.989999771118196,27.5400009155273,17.449632644653303,26.899999618530302,27.5499992370605,134500,2010-01-04
19657910,LTC,27.4200000762939,27.1100006103516,17.1771774291992,27.0699996948242,27.5699996948242,87100,2010-01-05
19657914,LTC,27.1599998474121,27.510000228881804,17.4306221008301,27.1200008392334,27.5499992370605,125000,2010-01-06
19657930,LTC,27.399999618530302,27.969999313354503,17.7220764160156,27.399999618530302,28.0,109800,2010-01-07
19657934,LTC,27.9599990844727,27.6700000762939,17.5319957733154,27.5699996948242,27.9799995422363,163700,2010-01-08
19657949,LTC,27.4599990844727,26.969999313354503,17.0884761810303,26.6599998474121,27.4599990844727,139800,2010-01-11
19657953,LTC,26.850000381469698,26.989999771118196,17.101146697998,26.7299995422363,27.030000686645497,78500,2010-01-12
19657968,LTC,27.059999465942397,27.4300003051758,17.379940032959002,26.9200000762939,27.4799995422363,67700,2010-01-13
19657972,LTC,27.2900009155273,27.3799991607666,17.3482513427734,27.100000381469698,27.6100006103516,44200,2010-01-14
19657987,LTC,27.4099998474121,27.649999618530302,17.5193290710449,26.940000534057603,27.690000534057603,159500,2010-01-15
19657991,LTC,27.6200008392334,27.739999771118196,17.659389495849602,27.4099998474121,28.1200008392334,112900,2010-01-19
19658024,LTC,27.489999771118196,27.4099998474121,17.4493083953857,26.8899993896484,27.5699996948242,105500,2010-01-20
19658028,LTC,27.4300003051758,26.6399993896484,16.959114074707,26.6299991607666,27.600000381469698,113200,2010-01-21
19658048,LTC,26.7000007629395,26.149999618530302,16.6471824645996,25.9799995422363,26.8700008392334,124500,2010-01-22
19658052,LTC,26.4500007629395,25.5799999237061,16.2843170166016,25.5,26.4500007629395,158200,2010-01-25
19658071,LTC,25.5,24.8299999237061,15.806860923767099,24.7900009155273,25.5499992370605,191700,2010-01-26
19658075,LTC,24.75,25.7099990844727,16.367071151733402,24.75,25.7299995422363,246400,2010-01-27
19658095,LTC,25.719999313354503,25.3400001525879,16.1315288543701,25.0400009155273,25.7999992370605,91200,2010-01-28
19658099,LTC,25.469999313354503,25.3799991607666,16.1569938659668,25.2299995422363,25.7999992370605,156700,2010-01-29
19658115,LTC,25.530000686645497,25.8899993896484,16.481666564941403,25.399999618530302,25.899999618530302,77700,2010-02-01
19658119,LTC,25.989999771118196,26.1299991607666,16.6344509124756,25.6599998474121,26.3199996948242,79800,2010-02-02
19658134,LTC,25.989999771118196,25.5799999237061,16.2843170166016,25.4799995422363,26.2099990844727,67800,2010-02-03
19658138,LTC,25.4799995422363,25.0200004577637,15.927818298339801,24.9200000762939,25.5499992370605,102100,2010-02-04
19658153,LTC,25.1700000762939,25.5200004577637,16.2461280822754,24.780000686645497,25.6200008392334,71200,2010-02-05
19658157,LTC,25.5,25.100000381469698,15.978755950927699,25.0900001525879,25.5400009155273,80900,2010-02-08
19658172,LTC,25.3199996948242,24.989999771118196,15.908721923828098,24.7099990844727,25.600000381469698,105000,2010-02-09
19658176,LTC,25.059999465942397,25.1800003051758,16.029682159423803,24.5,25.350000381469698,79100,2010-02-10
19658191,LTC,25.0799999237061,26.0,16.5516872406006,25.0400009155273,26.030000686645497,133700,2010-02-11
19658195,LTC,25.7299995422363,25.7900009155273,16.4180088043213,25.5200004577637,25.8700008392334,64300,2010-02-12
19658209,LTC,25.9300003051758,25.6599998474121,16.4180088043213,25.149999618530302,25.9300003051758,219000,2010-02-16
19658213,LTC,25.75,26.0,16.635543823242198,25.7099990844727,26.0,58300,2010-02-17
19658228,LTC,25.989999771118196,26.440000534057603,16.917066574096697,25.7700004577637,26.489999771118196,63100,2010-02-18
19658232,LTC,26.4500007629395,26.4500007629395,16.9234771728516,26.3199996948242,26.8299999237061,92500,2010-02-19
19658247,LTC,26.6100006103516,26.260000228881804,16.801908493042,25.9200000762939,26.690000534057603,116900,2010-02-22
19658251,LTC,26.2999992370605,26.0400009155273,16.661151885986303,26.0,26.2999992370605,70700,2010-02-23
19658265,LTC,26.0699996948242,26.3899993896484,16.8850803375244,26.0699996948242,26.440000534057603,62400,2010-02-24
19658269,LTC,26.100000381469698,26.280000686645497,16.8147010803223,26.010000228881804,26.489999771118196,46700,2010-02-25
19658284,LTC,26.3799991607666,26.0799999237061,16.6867275238037,26.030000686645497,26.3799991607666,119100,2010-02-26
19658288,LTC,26.2000007629395,26.530000686645497,16.9746589660645,26.1200008392334,26.6800003051758,76900,2010-03-01
19658305,LTC,26.530000686645497,26.559999465942397,16.9938583374023,26.239999771118196,26.600000381469698,71400,2010-03-02
19658309,LTC,26.530000686645497,26.239999771118196,16.789108276367198,26.1800003051758,26.530000686645497,56200,2010-03-03
19658324,LTC,26.2700004577637,26.469999313354503,16.9362678527832,26.030000686645497,26.5,78100,2010-03-04
19658328,LTC,26.530000686645497,26.969999313354503,17.2561721801758,26.3799991607666,27.1599998474121,117300,2010-03-05
19658344,LTC,27.0400009155273,26.7299995422363,17.1026248931885,26.6800003051758,27.3199996948242,134500,2010-03-08
19658348,LTC,26.719999313354503,26.7099990844727,17.0898265838623,26.5,27.219999313354503,182500,2010-03-09
19658364,LTC,26.7099990844727,27.010000228881804,17.2817726135254,26.5799999237061,27.1599998474121,78400,2010-03-10
19658369,LTC,26.850000381469698,27.100000381469698,17.3393650054932,26.719999313354503,27.190000534057603,66300,2010-03-11
19658384,LTC,27.1299991607666,27.2000007629395,17.403341293335,27.0200004577637,27.3899993896484,91400,2010-03-12
19658388,LTC,27.219999313354503,27.260000228881804,17.4417324066162,27.1200008392334,27.3700008392334,79100,2010-03-15
19658407,LTC,27.2999992370605,27.2700004577637,17.4481239318848,27.100000381469698,27.4500007629395,242200,2010-03-16
19658411,LTC,27.2700004577637,27.1599998474121,17.377750396728498,26.8700008392334,27.4500007629395,222400,2010-03-17
19658427,LTC,27.190000534057603,27.2700004577637,17.4481239318848,27.059999465942397,27.350000381469698,260200,2010-03-18
19658431,LTC,26.7999992370605,26.7999992370605,17.229547500610398,26.5,27.2999992370605,185000,2010-03-19
19658446,LTC,26.6700000762939,27.0799999237061,17.4095554351807,26.600000381469698,27.100000381469698,94000,2010-03-22
19658450,LTC,27.0699996948242,27.0900001525879,17.415979385376,26.8199996948242,27.190000534057603,158800,2010-03-23
19658466,LTC,27.010000228881804,26.940000534057603,17.3195533752441,26.9200000762939,27.1200008392334,189500,2010-03-24
19658470,LTC,27.0400009155273,27.219999313354503,17.4995651245117,27.0400009155273,27.5200004577637,221400,2010-03-25
19658485,LTC,27.3299999237061,27.0900001525879,17.415979385376,26.9599990844727,27.4099998474121,117900,2010-03-26
19658489,LTC,27.239999771118196,27.1100006103516,17.4288444519043,26.940000534057603,27.280000686645497,47100,2010-03-29
19658503,LTC,27.149999618530302,27.4599990844727,17.6538486480713,26.9599990844727,27.4799995422363,79600,2010-03-30
19658507,LTC,27.350000381469698,27.059999465942397,17.3966941833496,27.0499992370605,27.7099990844727,112300,2010-03-31
19658524,LTC,27.1399993896484,27.030000686645497,17.3774108886719,26.809999465942397,27.3899993896484,53500,2010-04-01
19658528,LTC,27.0799999237061,27.7900009155273,17.866012573242198,27.0799999237061,27.7900009155273,89700,2010-04-05
19658543,LTC,27.7099990844727,28.190000534057603,18.1231708526611,27.559999465942397,28.25,57400,2010-04-06
19658548,LTC,28.239999771118196,28.1200008392334,18.0781650543213,27.8899993896484,28.25,89000,2010-04-07
19658564,LTC,28.1299991607666,28.0499992370605,18.033161163330103,27.9599990844727,28.3700008392334,94700,2010-04-08
19658568,LTC,28.0200004577637,28.1200008392334,18.0781650543213,27.940000534057603,28.2099990844727,213500,2010-04-09
19658583,LTC,28.1800003051758,27.8299999237061,17.8917293548584,27.75,28.1800003051758,75000,2010-04-12
19658587,LTC,27.850000381469698,28.0900001525879,18.058883666992198,27.780000686645497,28.1800003051758,99500,2010-04-13
19658602,LTC,28.1800003051758,28.2000007629395,18.1295948028564,28.0,28.2700004577637,65200,2010-04-14
19658606,LTC,28.1200008392334,27.7900009155273,17.866012573242198,27.75,28.1599998474121,146900,2010-04-15
19658621,LTC,27.7900009155273,27.8899993896484,17.9302959442139,27.5499992370605,28.3799991607666,472800,2010-04-16
19658625,LTC,27.760000228881804,27.719999313354503,17.8210048675537,27.1100006103516,27.7900009155273,165300,2010-04-19
19658640,LTC,27.760000228881804,27.8400001525879,17.982488632202102,27.3799991607666,27.8700008392334,142600,2010-04-20
19658644,LTC,27.7900009155273,28.190000534057603,18.208560943603498,27.780000686645497,28.280000686645497,103600,2010-04-21
19658660,LTC,27.899999618530302,28.7299995422363,18.5573577880859,27.739999771118196,28.760000228881804,121600,2010-04-22
19658664,LTC,27.3700008392334,28.4500007629395,18.376506805419897,27.100000381469698,28.489999771118196,230600,2010-04-23
19658680,LTC,28.3899993896484,28.510000228881804,18.4152565002441,28.100000381469698,28.719999313354503,296600,2010-04-26
19658684,LTC,28.3400001525879,27.7999992370605,17.9566421508789,27.760000228881804,28.6700000762939,302800,2010-04-27
19658700,LTC,27.989999771118196,27.8899993896484,18.0147800445557,27.6599998474121,28.1599998474121,75300,2010-04-28
19658704,LTC,28.0699996948242,28.6599998474121,18.512136459350604,27.9599990844727,28.7000007629395,116700,2010-04-29
19658720,LTC,28.5900001525879,27.899999618530302,18.0212421417236,27.8799991607666,28.649999618530302,127200,2010-04-30
19658724,LTC,28.1200008392334,28.350000381469698,18.311897277832,27.9099998474121,28.5,152400,2010-05-03
19658740,LTC,28.0,27.3899993896484,17.6918258666992,27.1800003051758,28.0,207200,2010-05-04
19658744,LTC,27.219999313354503,27.0499992370605,17.4722118377686,26.8600006103516,27.489999771118196,227300,2010-05-05
19658760,LTC,26.8700008392334,26.0499992370605,16.8262920379639,25.0,27.010000228881804,435800,2010-05-06
19658764,LTC,26.280000686645497,25.399999618530302,16.406438827514602,25.190000534057603,26.280000686645497,280200,2010-05-07
19658779,LTC,26.7000007629395,26.9500007629395,17.407615661621097,26.510000228881804,27.059999465942397,142400,2010-05-10
19658783,LTC,26.760000228881804,26.9099998474121,17.3817749023438,26.2299995422363,27.1599998474121,247900,2010-05-11
19658798,LTC,27.059999465942397,27.6800003051758,17.8791427612305,26.8799991607666,27.719999313354503,138200,2010-05-12
19658802,LTC,27.5200004577637,27.2999992370605,17.6336879730225,27.100000381469698,27.5200004577637,120400,2010-05-13
19658819,LTC,27.1200008392334,26.3299999237061,17.007156372070302,26.1100006103516,27.1599998474121,168000,2010-05-14
19658823,LTC,26.440000534057603,26.2000007629395,16.9231796264648,25.6299991607666,26.5900001525879,237900,2010-05-17
19658839,LTC,26.4799995422363,25.7099990844727,16.6894817352295,25.6399993896484,26.6200008392334,92500,2010-05-18
19658840,LTC,25.559999465942397,25.649999618530302,16.6505298614502,25.2099990844727,26.1800003051758,106300,2010-05-19
19658844,LTC,25.1399993896484,24.649999618530302,16.001388549804698,24.649999618530302,25.2700004577637,233600,2010-05-20
19658860,LTC,24.4300003051758,25.030000686645497,16.248065948486303,24.1200008392334,25.1599998474121,322500,2010-05-21
19658864,LTC,24.9300003051758,24.5799999237061,15.9559478759766,24.5499992370605,25.190000534057603,126000,2010-05-24
19658880,LTC,24.100000381469698,24.5900001525879,15.9624538421631,24.010000228881804,24.649999618530302,194000,2010-05-25
19658884,LTC,24.760000228881804,25.100000381469698,16.2935066223145,24.739999771118196,25.4200000762939,225800,2010-05-26
19658900,LTC,25.6399993896484,25.9500007629395,16.8452777862549,25.1700000762939,25.9799995422363,112300,2010-05-27
19658904,LTC,25.899999618530302,25.690000534057603,16.6764984130859,25.5900001525879,26.0,119400,2010-05-28
19658922,LTC,25.6299991607666,25.0400009155273,16.2545566558838,25.010000228881804,25.780000686645497,151900,2010-06-01
19658926,LTC,25.1100006103516,25.1599998474121,16.332462310790998,24.7700004577637,25.25,184800,2010-06-02
19658942,LTC,25.3600006103516,24.8799991607666,16.150699615478498,24.7700004577637,25.3600006103516,124800,2010-06-03
19658946,LTC,24.469999313354503,23.6599998474121,15.3587379455566,23.5699996948242,24.5499992370605,317200,2010-06-04
19658962,LTC,23.7700004577637,23.510000228881804,15.2613744735718,23.4599990844727,24.1299991607666,194200,2010-06-07
19658966,LTC,23.559999465942397,23.850000381469698,15.482075691223098,23.1200008392334,23.899999618530302,146500,2010-06-08
19658982,LTC,24.0900001525879,23.780000686645497,15.4366397857666,23.600000381469698,24.25,128500,2010-06-09
19658986,LTC,24.1100006103516,24.4799995422363,15.8910350799561,23.7999992370605,24.5400009155273,103200,2010-06-10
19659002,LTC,24.1299991607666,24.9599990844727,16.2026214599609,24.1299991607666,24.9599990844727,91300,2010-06-11
19659006,LTC,25.25,25.100000381469698,16.2935066223145,24.760000228881804,25.25,151500,2010-06-14
19659022,LTC,25.1399993896484,25.7000007629395,16.6829929351807,25.010000228881804,25.75,330900,2010-06-15
19659026,LTC,25.469999313354503,25.8700008392334,16.7933464050293,25.469999313354503,26.0,94700,2010-06-16
19659042,LTC,25.8199996948242,26.260000228881804,17.0465126037598,25.7900009155273,26.3199996948242,87000,2010-06-17
19659046,LTC,26.2900009155273,26.3400001525879,17.1835155487061,26.0699996948242,26.530000686645497,266200,2010-06-18
19659062,LTC,26.600000381469698,26.4300003051758,17.2422256469727,26.3400001525879,26.850000381469698,168100,2010-06-21
19659066,LTC,26.440000534057603,25.8600006103516,16.8703689575195,25.649999618530302,26.8400001525879,168400,2010-06-22
19659081,LTC,25.760000228881804,26.1200008392334,17.0399856567383,25.3400001525879,26.280000686645497,209000,2010-06-23
19659085,LTC,25.8400001525879,25.7299995422363,16.7855606079102,25.6700000762939,26.280000686645497,437600,2010-06-24
19659101,LTC,25.780000686645497,26.1100006103516,17.0334625244141,25.6599998474121,26.2700004577637,252400,2010-06-25
19659105,LTC,26.1700000762939,25.440000534057603,16.5963726043701,25.3899993896484,26.1700000762939,135300,2010-06-28
19659121,LTC,24.940000534057603,24.5799999237061,16.035333633422898,24.4099998474121,25.1200008392334,227500,2010-06-29
19659125,LTC,24.6399993896484,24.2700004577637,15.8330936431885,24.219999313354503,24.9099998474121,168700,2010-06-30
19659139,LTC,24.280000686645497,24.350000381469698,15.885291099548303,23.7700004577637,24.469999313354503,203600,2010-07-01
19659143,LTC,24.489999771118196,24.2299995422363,15.807003974914599,23.9099998474121,24.489999771118196,103900,2010-07-02
19659158,LTC,24.6299991607666,23.4599990844727,15.304679870605499,23.399999618530302,24.719999313354503,285500,2010-07-06
19659162,LTC,23.6100006103516,24.010000228881804,15.6634864807129,22.850000381469698,24.0400009155273,943800,2010-07-07
19659176,LTC,24.1100006103516,24.030000686645497,15.676527976989698,23.7099990844727,24.5,217500,2010-07-08
19659180,LTC,23.969999313354503,24.149999618530302,15.7548189163208,23.5,24.1700000762939,398700,2010-07-09
19659194,LTC,24.1299991607666,23.989999771118196,15.6504459381104,23.760000228881804,24.260000228881804,227900,2010-07-12
19659198,LTC,24.2999992370605,24.530000686645497,16.0027160644531,24.1100006103516,24.5799999237061,142300,2010-07-13
19659212,LTC,24.5,24.3700008392334,15.8983325958252,24.0200004577637,24.5200004577637,105100,2010-07-14
19659216,LTC,24.4300003051758,24.5900001525879,16.0418586730957,24.1200008392334,24.6599998474121,172300,2010-07-15
19659230,LTC,24.4599990844727,23.8899993896484,15.585197448730499,23.809999465942397,24.4599990844727,194900,2010-07-16
19659234,LTC,24.8899993896484,24.649999618530302,16.0809955596924,24.1100006103516,24.899999618530302,286500,2010-07-19
19659247,LTC,24.2099990844727,24.7700004577637,16.2449607849121,24.1100006103516,24.7999992370605,123400,2010-07-20
19659251,LTC,24.8899993896484,24.0900001525879,15.7989912033081,24.059999465942397,24.8899993896484,107800,2010-07-21
19659265,LTC,24.510000228881804,24.8700008392334,16.310546875,24.3899993896484,24.9300003051758,144600,2010-07-22
19659269,LTC,24.739999771118196,25.030000686645497,16.415470123290998,24.280000686645497,25.059999465942397,120200,2010-07-23
19659283,LTC,25.1700000762939,25.4099998474121,16.6646938323975,25.010000228881804,25.530000686645497,118200,2010-07-26
19659287,LTC,25.559999465942397,25.4099998474121,16.6646938323975,25.219999313354503,25.75,106100,2010-07-27
19659301,LTC,25.309999465942397,25.1299991607666,16.4810638427734,24.969999313354503,25.5400009155273,83300,2010-07-28
19659305,LTC,25.2900009155273,24.809999465942397,16.271192550659197,24.600000381469698,25.4300003051758,107400,2010-07-29
19659319,LTC,24.559999465942397,24.649999618530302,16.166254043579098,24.2999992370605,24.739999771118196,165600,2010-07-30
19659323,LTC,24.9500007629395,25.260000228881804,16.566312789917,24.8600006103516,25.3299999237061,78200,2010-08-02
19659336,LTC,25.219999313354503,25.5799999237061,16.7761840820312,25.1700000762939,25.850000381469698,134000,2010-08-03
19659340,LTC,25.649999618530302,25.3899993896484,16.6515769958496,25.0799999237061,25.6700000762939,78500,2010-08-04
19659354,LTC,25.1200008392334,25.0200004577637,16.408916473388697,24.989999771118196,25.3600006103516,122900,2010-08-05
19659358,LTC,24.9099998474121,24.969999313354503,16.3761157989502,24.3600006103516,25.059999465942397,137100,2010-08-06
19659372,LTC,25.0900001525879,25.25,16.5597553253174,24.940000534057603,25.309999465942397,177500,2010-08-09
19659376,LTC,25.1100006103516,25.1100006103516,16.4679393768311,24.7999992370605,25.489999771118196,149900,2010-08-10
19659389,LTC,24.6599998474121,24.989999771118196,16.3892421722412,24.5400009155273,25.2299995422363,404900,2010-08-11
19659393,LTC,24.780000686645497,24.7299995422363,16.218727111816403,24.5499992370605,25.0799999237061,186000,2010-08-12
19659407,LTC,24.600000381469698,24.239999771118196,15.897367477417,24.0,24.690000534057603,165600,2010-08-13
19659411,LTC,24.1700000762939,24.4200000762939,16.015426635742198,24.0400009155273,24.4500007629395,128600,2010-08-16
19659425,LTC,24.6299991607666,24.989999771118196,16.3892421722412,24.3799991607666,24.989999771118196,149500,2010-08-17
19659429,LTC,24.8799991607666,24.9099998474121,16.3367710113525,24.6399993896484,25.010000228881804,96600,2010-08-18
19659443,LTC,24.780000686645497,24.0499992370605,15.8555107116699,24.010000228881804,24.780000686645497,177100,2010-08-19
19659447,LTC,24.0200004577637,24.3700008392334,16.066473007202102,23.989999771118196,24.4300003051758,118000,2010-08-20
19659462,LTC,24.5,24.5699996948242,16.1983242034912,24.25,24.6100006103516,172400,2010-08-23
19659466,LTC,24.260000228881804,24.399999618530302,16.0862522125244,24.100000381469698,24.6800003051758,90800,2010-08-24
19659481,LTC,24.280000686645497,24.8299999237061,16.3697338104248,24.1100006103516,24.8700008392334,98400,2010-08-25
19659485,LTC,24.9599990844727,24.2999992370605,16.020320892334002,24.2700004577637,25.0,118500,2010-08-26
19659499,LTC,24.3400001525879,24.9599990844727,16.455436706543,24.1299991607666,25.0200004577637,132300,2010-08-27
19659503,LTC,24.9200000762939,24.6200008392334,16.231294631958,24.5400009155273,25.0900001525879,113900,2010-08-30
19659517,LTC,24.6200008392334,24.6800003051758,16.2708492279053,24.489999771118196,25.100000381469698,295300,2010-08-31
19659521,LTC,25.059999465942397,25.309999465942397,16.686185836792,24.940000534057603,25.3799991607666,148100,2010-09-01
19659535,LTC,25.440000534057603,25.059999465942397,16.5213661193848,24.719999313354503,25.440000534057603,138600,2010-09-02
19659539,LTC,25.260000228881804,25.3400001525879,16.705961227417,25.1100006103516,25.3899993896484,119200,2010-09-03
19659552,LTC,25.149999618530302,24.739999771118196,16.310401916503903,24.7099990844727,25.3299999237061,118800,2010-09-07
19659556,LTC,24.75,24.850000381469698,16.382926940918,24.719999313354503,24.989999771118196,91800,2010-09-08
19659568,LTC,25.149999618530302,24.760000228881804,16.3235912322998,24.559999465942397,25.149999618530302,74400,2010-09-09
19659572,LTC,24.780000686645497,25.0499992370605,16.5147705078125,24.6299991607666,25.0900001525879,96100,2010-09-10
19659585,LTC,25.309999465942397,25.489999771118196,16.8048629760742,25.1800003051758,25.6299991607666,172600,2010-09-13
19659589,LTC,25.4799995422363,25.3600006103516,16.7191543579102,25.309999465942397,25.7099990844727,95600,2010-09-14
19659602,LTC,25.2299995422363,25.5200004577637,16.824640274047898,25.0799999237061,25.5799999237061,418400,2010-09-15
19659606,LTC,25.489999771118196,25.219999313354503,16.6268558502197,25.1200008392334,25.489999771118196,62600,2010-09-16
19659619,LTC,25.350000381469698,25.3700008392334,16.7257480621338,25.0,25.4599990844727,180900,2010-09-17
19659623,LTC,25.219999313354503,25.940000534057603,17.1896152496338,24.899999618530302,26.0499992370605,191600,2010-09-20
19659636,LTC,25.899999618530302,25.7000007629395,17.030572891235398,25.600000381469698,26.0699996948242,97400,2010-09-21
19659640,LTC,25.6200008392334,25.3899993896484,16.8251438140869,25.25,25.809999465942397,90500,2010-09-22
19659652,LTC,25.2700004577637,24.9500007629395,16.533575057983402,24.9500007629395,25.4099998474121,136400,2010-09-23
19659656,LTC,25.2999992370605,25.8799991607666,17.1498527526855,25.2700004577637,25.8899993896484,104800,2010-09-24
19659670,LTC,25.9500007629395,25.7999992370605,17.096851348877,25.6299991607666,26.0,246800,2010-09-27
19659674,LTC,25.7900009155273,25.7900009155273,17.0902080535889,25.3199996948242,25.940000534057603,220800,2010-09-28
19659686,LTC,25.6399993896484,25.6299991607666,16.984186172485398,25.3199996948242,25.649999618530302,128300,2010-09-29
19659690,LTC,25.780000686645497,25.5200004577637,16.9112949371338,25.0799999237061,25.989999771118196,192100,2010-09-30
19659704,LTC,25.6800003051758,25.5400009155273,16.9245433807373,25.3700008392334,25.8899993896484,122800,2010-10-01
19659708,LTC,25.6299991607666,25.6800003051758,17.0173244476318,25.3700008392334,25.7999992370605,115900,2010-10-04
19659721,LTC,25.8899993896484,26.1700000762939,17.3420238494873,25.7900009155273,26.2299995422363,172300,2010-10-05
19659727,LTC,26.1700000762939,26.219999313354503,17.3751621246338,26.0200004577637,26.3299999237061,171500,2010-10-06
19659749,LTC,26.4300003051758,26.1800003051758,17.3486480712891,26.149999618530302,26.530000686645497,181900,2010-10-07
19659753,LTC,26.2299995422363,26.3299999237061,17.448053359985398,26.059999465942397,26.5400009155273,90000,2010-10-08
19659767,LTC,26.280000686645497,26.1700000762939,17.3420238494873,26.1100006103516,26.4599990844727,74500,2010-10-11
19659771,LTC,26.149999618530302,26.190000534057603,17.3552761077881,25.940000534057603,26.3799991607666,124500,2010-10-12
19659786,LTC,26.440000534057603,26.8600006103516,17.799261093139602,26.2999992370605,27.0699996948242,233800,2010-10-13
19659790,LTC,26.8899993896484,26.9300003051758,17.8456535339355,26.739999771118196,27.0499992370605,154400,2010-10-14
19659805,LTC,26.9300003051758,26.690000534057603,17.6866130828857,26.600000381469698,26.9500007629395,229200,2010-10-15
19659809,LTC,26.75,26.899999618530302,17.8257732391357,26.75,27.0400009155273,147900,2010-10-18
19659823,LTC,26.530000686645497,26.3400001525879,17.539451599121097,26.1299991607666,26.850000381469698,208000,2010-10-19
19659827,LTC,26.469999313354503,27.0699996948242,18.0255374908447,26.309999465942397,27.1800003051758,245600,2010-10-20
19659840,LTC,27.260000228881804,27.899999618530302,18.5782222747803,27.1399993896484,27.9300003051758,242000,2010-10-21
19659844,LTC,28.0,27.75,18.478351593017603,27.3700008392334,28.0,132400,2010-10-22
19659858,LTC,27.809999465942397,27.9500007629395,18.6115226745605,27.559999465942397,28.100000381469698,202300,2010-10-25
19659862,LTC,27.7999992370605,28.030000686645497,18.664794921875,27.75,28.25,235600,2010-10-26
19659876,LTC,27.899999618530302,28.2900009155273,18.8379154205322,27.690000534057603,28.510000228881804,247300,2010-10-27
19659880,LTC,28.559999465942397,28.2000007629395,18.777999877929698,27.8899993896484,28.7299995422363,124700,2010-10-28
19659894,LTC,28.1800003051758,27.850000381469698,18.5449295043945,27.7900009155273,28.3799991607666,150600,2010-10-29
19659898,LTC,28.0200004577637,28.1800003051758,18.7646656036377,27.8400001525879,28.489999771118196,134800,2010-11-01
19659912,LTC,28.399999618530302,28.4200000762939,18.924484252929698,28.280000686645497,28.5200004577637,123300,2010-11-02
19659916,LTC,28.3600006103516,28.1800003051758,18.7646656036377,27.8700008392334,28.530000686645497,94200,2010-11-03
19659931,LTC,28.440000534057603,28.469999313354503,18.9577884674072,28.260000228881804,28.5499992370605,184300,2010-11-04
19659935,LTC,28.5,28.4500007629395,18.9444618225098,28.2999992370605,28.690000534057603,76400,2010-11-05
19659950,LTC,28.4200000762939,28.5400009155273,19.0043907165527,28.350000381469698,28.6599998474121,91700,2010-11-08
19659954,LTC,28.5699996948242,27.7999992370605,18.511644363403303,27.5900001525879,28.5699996948242,144500,2010-11-09
19659968,LTC,27.8600006103516,27.969999313354503,18.6248378753662,27.760000228881804,28.1800003051758,141300,2010-11-10
19659972,LTC,27.850000381469698,27.8199996948242,18.524950027465803,27.4799995422363,28.010000228881804,87100,2010-11-11
19659985,LTC,27.6700000762939,27.8700008392334,18.5582504272461,27.5200004577637,28.0799999237061,115000,2010-11-12
19659989,LTC,28.010000228881804,27.649999618530302,18.411756515502898,27.600000381469698,28.3400001525879,92600,2010-11-15
19660003,LTC,27.5,27.0,17.978929519653303,26.760000228881804,27.8400001525879,187900,2010-11-16
19660007,LTC,27.0699996948242,27.059999465942397,18.0188827514648,26.8899993896484,27.25,130400,2010-11-17
19660021,LTC,27.2000007629395,27.100000381469698,18.139358520507802,27.010000228881804,27.3299999237061,100900,2010-11-18
19660025,LTC,26.9300003051758,27.1700000762939,18.186222076415998,26.9300003051758,27.2999992370605,102200,2010-11-19
19660039,LTC,27.100000381469698,27.1100006103516,18.1460647583008,26.899999618530302,27.239999771118196,106900,2010-11-22
19660043,LTC,26.809999465942397,26.719999313354503,17.8850135803223,26.6100006103516,26.969999313354503,112800,2010-11-23
19660057,LTC,27.010000228881804,27.3700008392334,18.3200855255127,26.9799995422363,27.530000686645497,135200,2010-11-24
19660058,LTC,27.2099990844727,27.3400001525879,18.3000106811523,27.2000007629395,27.5400009155273,47400,2010-11-26
19660062,LTC,27.239999771118196,27.4799995422363,18.3937129974365,27.0400009155273,27.5900001525879,99000,2010-11-29
19660076,LTC,27.2099990844727,26.989999771118196,18.0657367706299,26.9599990844727,27.510000228881804,170000,2010-11-30
19660080,LTC,27.350000381469698,26.8600006103516,17.9787197113037,26.7999992370605,27.440000534057603,251500,2010-12-01
19660094,LTC,26.8199996948242,26.75,17.905099868774396,26.6200008392334,26.9200000762939,143400,2010-12-02
19660098,LTC,26.649999618530302,26.6200008392334,17.8180828094482,26.5,26.7299995422363,119900,2010-12-03
19660112,LTC,26.5799999237061,26.5799999237061,17.791307449340803,26.4599990844727,26.690000534057603,122400,2010-12-06
19660116,LTC,26.7900009155273,26.6599998474121,17.8448390960693,26.6100006103516,27.0,136300,2010-12-07
19660128,LTC,26.6800003051758,26.4099998474121,17.6775150299072,26.3600006103516,26.809999465942397,93600,2010-12-08
19660132,LTC,26.4799995422363,26.399999618530302,17.6708164215088,26.350000381469698,26.6599998474121,310700,2010-12-09
19660145,LTC,26.399999618530302,26.489999771118196,17.731065750122102,26.399999618530302,26.7099990844727,121300,2010-12-10
19660149,LTC,26.6100006103516,26.5400009155273,17.7645244598389,26.530000686645497,26.9099998474121,144500,2010-12-13
19660161,LTC,26.6399993896484,26.5900001525879,17.7979946136475,26.5699996948242,26.9599990844727,108000,2010-12-14
19660165,LTC,26.600000381469698,26.7700004577637,17.918476104736303,26.5900001525879,27.2099990844727,134400,2010-12-15
19660179,LTC,26.8600006103516,27.010000228881804,18.0791282653809,26.75,27.100000381469698,162400,2010-12-16
19660183,LTC,27.0,27.510000228881804,18.413799285888697,26.8600006103516,27.5400009155273,385400,2010-12-17
19660195,LTC,27.6299991607666,27.8199996948242,18.621290206909197,27.6299991607666,28.2099990844727,154700,2010-12-20
19660199,LTC,27.8400001525879,28.059999465942397,18.8769416809082,27.7299995422363,28.149999618530302,116400,2010-12-21
19660213,LTC,28.100000381469698,28.1700000762939,18.950941085815398,28.0400009155273,28.399999618530302,72100,2010-12-22
19660217,LTC,28.0400009155273,27.8700008392334,18.7491130828857,27.8600006103516,28.1599998474121,60400,2010-12-23
19660229,LTC,27.8299999237061,28.1299991607666,18.924024581909197,27.75,28.309999465942397,72400,2010-12-27
19660233,LTC,28.2999992370605,28.1800003051758,18.9576587677002,28.0900001525879,28.2999992370605,105500,2010-12-28
19660247,LTC,28.280000686645497,28.3799991607666,19.092214584350604,28.149999618530302,28.4200000762939,86400,2010-12-29
19660251,LTC,28.399999618530302,28.399999618530302,19.105665206909197,28.260000228881804,28.5699996948242,65500,2010-12-30
19660264,LTC,28.4099998474121,28.0799999237061,18.8903903961182,28.010000228881804,28.4599990844727,133800,2010-12-31
19660268,LTC,28.260000228881804,28.5900001525879,19.2334823608398,28.059999465942397,28.690000534057603,124800,2011-01-03
19660281,LTC,28.5200004577637,28.0799999237061,18.8903903961182,27.8799991607666,28.690000534057603,87800,2011-01-04
19660285,LTC,28.0400009155273,28.280000686645497,19.0249309539795,27.969999313354503,28.3199996948242,134800,2011-01-05
19660297,LTC,28.3400001525879,27.989999771118196,18.829847335815398,27.8799991607666,28.4500007629395,114800,2011-01-06
19660301,LTC,28.030000686645497,27.9300003051758,18.789476394653303,27.7999992370605,28.2999992370605,98800,2011-01-07
19660314,LTC,27.809999465942397,27.809999465942397,18.7087516784668,27.559999465942397,27.8799991607666,121300,2011-01-10
19660318,LTC,27.9099998474121,27.9500007629395,18.8029346466064,27.719999313354503,28.0200004577637,73000,2011-01-11
19660332,LTC,28.1100006103516,27.850000381469698,18.7356643676758,27.7700004577637,28.1100006103516,91400,2011-01-12
19660336,LTC,27.9300003051758,27.739999771118196,18.661663055419897,27.6399993896484,28.030000686645497,98800,2011-01-13
19660349,LTC,27.719999313354503,27.809999465942397,18.7087516784668,27.5,27.8400001525879,94100,2011-01-14
19660353,LTC,27.8799991607666,28.030000686645497,18.8567504882812,27.649999618530302,28.1299991607666,112400,2011-01-18
19660367,LTC,27.989999771118196,27.5200004577637,18.6065921783447,27.4799995422363,28.059999465942397,88500,2011-01-19
19660371,LTC,27.4099998474121,27.5499992370605,18.6268749237061,27.2700004577637,27.809999465942397,94700,2011-01-20
19660384,LTC,27.649999618530302,27.440000534057603,18.5525054931641,27.239999771118196,27.649999618530302,82500,2011-01-21
19660388,LTC,27.530000686645497,27.5499992370605,18.6268749237061,27.4799995422363,27.8400001525879,74900,2011-01-24
19660401,LTC,27.399999618530302,27.5499992370605,18.6268749237061,27.1100006103516,27.6700000762939,213800,2011-01-25
19660405,LTC,27.6700000762939,27.5799999237061,18.6471557617188,27.4799995422363,27.8400001525879,1990500,2011-01-26
19660419,LTC,27.5400009155273,27.6399993896484,18.68772315979,27.4200000762939,27.969999313354503,102800,2011-01-27
19660423,LTC,27.600000381469698,27.1800003051758,18.3767051696777,27.1399993896484,27.6100006103516,102600,2011-01-28
19660437,LTC,27.3400001525879,27.3400001525879,18.4848957061768,27.149999618530302,27.489999771118196,64900,2011-01-31
19660441,LTC,27.440000534057603,27.530000686645497,18.613353729248,27.260000228881804,27.600000381469698,86700,2011-02-01
19660454,LTC,27.5799999237061,27.280000686645497,18.4443302154541,27.219999313354503,27.780000686645497,62600,2011-02-02
19660458,LTC,27.2299995422363,27.399999618530302,18.525463104248,27.1399993896484,27.4500007629395,40000,2011-02-03
19660472,LTC,27.3899993896484,27.1399993896484,18.3496685028076,27.0,27.5,55900,2011-02-04
19660476,LTC,27.1200008392334,27.7900009155273,18.7891407012939,27.1200008392334,27.8700008392334,92300,2011-02-07
19660490,LTC,27.7299995422363,28.1299991607666,19.019023895263697,27.719999313354503,28.149999618530302,86700,2011-02-08
19660494,LTC,27.969999313354503,28.2000007629395,19.0663433074951,27.8700008392334,28.2000007629395,86600,2011-02-09
19660508,LTC,28.1399993896484,28.2000007629395,19.0663433074951,28.030000686645497,28.280000686645497,75600,2011-02-10
19660512,LTC,28.1399993896484,28.3199996948242,19.1474857330322,28.0,28.3199996948242,78200,2011-02-11
19660526,LTC,28.280000686645497,28.4200000762939,19.2150955200195,28.25,28.5,137400,2011-02-14
19660530,LTC,28.3799991607666,28.309999465942397,19.140718460083,28.2000007629395,28.5499992370605,132400,2011-02-15
19660543,LTC,28.280000686645497,28.280000686645497,19.2154598236084,27.9599990844727,28.3799991607666,81600,2011-02-16
19660547,LTC,28.2099990844727,28.309999465942397,19.2358455657959,28.2099990844727,28.5200004577637,97300,2011-02-17
19660561,LTC,28.2999992370605,28.5,19.364934921264602,28.059999465942397,28.6100006103516,71600,2011-02-18
19660565,LTC,28.3299999237061,28.010000228881804,19.0320129394531,28.0,28.530000686645497,65400,2011-02-22
19660579,LTC,28.25,27.8299999237061,18.9097003936768,27.75,28.25,89300,2011-02-23
19660583,LTC,27.8299999237061,27.989999771118196,19.018413543701197,27.600000381469698,28.1599998474121,83900,2011-02-24
19660595,LTC,28.1100006103516,28.739999771118196,19.528018951415998,27.9300003051758,28.75,94800,2011-02-25
19660599,LTC,28.989999771118196,29.219999313354503,19.8541660308838,28.7700004577637,29.440000534057603,154600,2011-02-28
19660613,LTC,29.3899993896484,28.4599990844727,19.3377685546875,28.4200000762939,29.4799995422363,100100,2011-03-01
19660617,LTC,28.3799991607666,28.4200000762939,19.3105964660645,28.1800003051758,28.6399993896484,65100,2011-03-02
19660720,LTC,28.6200008392334,28.9099998474121,19.6435222625732,28.5699996948242,28.9599990844727,64200,2011-03-03
19660721,LTC,28.9500007629395,28.8199996948242,19.582378387451197,28.4599990844727,28.989999771118196,61500,2011-03-04
19660722,LTC,28.8899993896484,28.649999618530302,19.466861724853498,28.2900009155273,28.8899993896484,76900,2011-03-07
19660723,LTC,28.8899993896484,29.0499992370605,19.7386531829834,28.530000686645497,29.4300003051758,60800,2011-03-08
19660724,LTC,29.0,28.739999771118196,19.528018951415998,28.649999618530302,29.0,110100,2011-03-09
19660725,LTC,28.5,28.2900009155273,19.2222576141357,28.260000228881804,28.600000381469698,89700,2011-03-10
19660726,LTC,28.260000228881804,28.600000381469698,19.4328899383545,28.1299991607666,28.809999465942397,103200,2011-03-11
19660727,LTC,28.440000534057603,28.4500007629395,19.3309726715088,28.2299995422363,28.5,52000,2011-03-14
19660728,LTC,27.9099998474121,27.9500007629395,18.9912338256836,27.9099998474121,28.25,118100,2011-03-15
19660729,LTC,27.9200000762939,27.3600006103516,18.5903472900391,27.2099990844727,28.2299995422363,142500,2011-03-16
19660730,LTC,27.7900009155273,27.9500007629395,18.9912338256836,27.649999618530302,28.5,139400,2011-03-17
19660731,LTC,28.190000534057603,28.440000534057603,19.3241806030273,27.3299999237061,28.5,172600,2011-03-18
19660732,LTC,28.690000534057603,28.6299991607666,19.549514770507802,28.2999992370605,28.690000534057603,79600,2011-03-21
19660733,LTC,28.399999618530302,27.7000007629395,18.9144725799561,27.6599998474121,28.760000228881804,264100,2011-03-22
19660737,LTC,27.399999618530302,27.4500007629395,18.7437648773193,27.0699996948242,27.5699996948242,2455800,2011-03-23
19660753,LTC,27.4500007629395,27.309999465942397,18.6481666564941,27.1700000762939,27.5,409600,2011-03-24
19660754,LTC,27.3700008392334,27.469999313354503,18.757417678833,27.3299999237061,27.9099998474121,142600,2011-03-25
19660755,LTC,27.7000007629395,27.7299995422363,18.9349670410156,27.600000381469698,27.8799991607666,206900,2011-03-28
19660756,LTC,27.780000686645497,27.809999465942397,18.9895839691162,27.600000381469698,27.809999465942397,173000,2011-03-29
19660757,LTC,27.8799991607666,28.149999618530302,19.221752166748,27.7999992370605,28.2299995422363,176100,2011-03-30
19660758,LTC,28.190000534057603,28.3400001525879,19.351490020752,28.0900001525879,28.3799991607666,443700,2011-03-31
19660762,LTC,28.3600006103516,28.600000381469698,19.5290260314941,28.25,28.6399993896484,199000,2011-04-01
19660776,LTC,28.7299995422363,28.8799991607666,19.7202224731445,28.6200008392334,28.969999313354503,326600,2011-04-04
19660777,LTC,28.850000381469698,29.2999992370605,20.0070190429688,28.7099990844727,29.4200000762939,442100,2011-04-05
19660778,LTC,29.3400001525879,29.4200000762939,20.0889492034912,29.239999771118196,29.4799995422363,244100,2011-04-06
19660779,LTC,29.3400001525879,29.059999465942397,19.8431282043457,28.940000534057603,29.3899993896484,141900,2011-04-07
19660780,LTC,29.219999313354503,28.969999313354503,19.781673431396502,28.8700008392334,29.260000228881804,153400,2011-04-08
19660784,LTC,29.0200004577637,29.030000686645497,19.822650909423803,28.899999618530302,29.5,159000,2011-04-11
19660799,LTC,28.9300003051758,28.6800003051758,19.5836582183838,28.6599998474121,29.059999465942397,152500,2011-04-12
19660803,LTC,28.75,28.649999618530302,19.5631713867188,28.530000686645497,28.780000686645497,142100,2011-04-13
19660817,LTC,28.559999465942397,29.1100006103516,19.877273559570302,28.559999465942397,29.3299999237061,237500,2011-04-14
19660821,LTC,29.0799999237061,29.3600006103516,20.0479774475098,29.0799999237061,29.4799995422363,193100,2011-04-15
19660833,LTC,29.059999465942397,29.0200004577637,19.8158130645752,28.8199996948242,29.3199996948242,138500,2011-04-18
19660837,LTC,28.3600006103516,29.149999618530302,20.0010757446289,28.3600006103516,29.239999771118196,203600,2011-04-19
19660849,LTC,29.489999771118196,29.2299995422363,20.055974960327102,29.2000007629395,29.489999771118196,124900,2011-04-20
19660853,LTC,29.3700008392334,29.25,20.0696849822998,29.1100006103516,29.3700008392334,55700,2011-04-21
19660867,LTC,29.25,29.190000534057603,20.028518676757802,29.0,29.3700008392334,79300,2011-04-25
19660871,LTC,29.1700000762939,29.219999313354503,20.0491027832031,29.030000686645497,29.4799995422363,188600,2011-04-26
19660885,LTC,29.2000007629395,29.719999313354503,20.3921871185303,29.190000534057603,29.760000228881804,359300,2011-04-27
19660889,LTC,29.7299995422363,29.9099998474121,20.5225505828857,29.7299995422363,30.0,146900,2011-04-28
19660902,LTC,29.9799995422363,29.4200000762939,20.1863384246826,29.100000381469698,30.1599998474121,272000,2011-04-29
19660906,LTC,29.5,29.3299999237061,20.124582290649396,29.2700004577637,29.6800003051758,182000,2011-05-02
19660919,LTC,29.2999992370605,29.3400001525879,20.1314373016357,29.0,29.4099998474121,117000,2011-05-03
19660923,LTC,29.2999992370605,28.9599990844727,19.8707008361816,28.9599990844727,29.399999618530302,100000,2011-05-04
19660936,LTC,28.6100006103516,28.530000686645497,19.5756683349609,28.190000534057603,28.8400001525879,174400,2011-05-05
19660940,LTC,28.8400001525879,28.3199996948242,19.431575775146502,28.2900009155273,29.2000007629395,214700,2011-05-06
19660954,LTC,28.219999313354503,28.9099998474121,19.8364086151123,28.2000007629395,28.969999313354503,122000,2011-05-09
19660958,LTC,29.010000228881804,29.1800003051758,20.021661758422898,28.7900009155273,29.219999313354503,137200,2011-05-10
19660971,LTC,29.1200008392334,28.7099990844727,19.699171066284197,28.6599998474121,29.1599998474121,144700,2011-05-11
19660975,LTC,28.6299991607666,29.0799999237061,19.9530467987061,28.5,29.149999618530302,110000,2011-05-12
19660989,LTC,29.100000381469698,28.600000381469698,19.6236972808838,28.530000686645497,29.1599998474121,102500,2011-05-13
19660993,LTC,28.530000686645497,28.5200004577637,19.568813323974602,28.2099990844727,28.739999771118196,114300,2011-05-16
19661007,LTC,28.440000534057603,28.7000007629395,19.692308425903303,28.219999313354503,28.75,143300,2011-05-17
19661011,LTC,28.760000228881804,28.9500007629395,19.863845825195302,28.530000686645497,29.010000228881804,152000,2011-05-18
19661024,LTC,29.0,28.7999992370605,19.856952667236303,28.719999313354503,29.3700008392334,200700,2011-05-19
19661028,LTC,28.6599998474121,28.559999465942397,19.691480636596697,28.4799995422363,28.8700008392334,107700,2011-05-20
19661029,LTC,28.4099998474121,28.4500007629395,19.6156387329102,28.219999313354503,28.5799999237061,190000,2011-05-23
19661030,LTC,28.559999465942397,28.4799995422363,19.636318206787102,28.399999618530302,28.649999618530302,156100,2011-05-24
19661031,LTC,28.530000686645497,28.6200008392334,19.7328414916992,28.309999465942397,28.9599990844727,166200,2011-05-25
19661032,LTC,28.649999618530302,28.940000534057603,19.9534797668457,28.4200000762939,29.0400009155273,120500,2011-05-26
19661033,LTC,29.0,29.100000381469698,20.0637989044189,28.9200000762939,29.1800003051758,85200,2011-05-27
19661047,LTC,29.3400001525879,29.5200004577637,20.3533706665039,29.3400001525879,29.6299991607666,238000,2011-05-31
19661048,LTC,29.3400001525879,28.7000007629395,19.7880020141602,28.6399993896484,29.6399993896484,150900,2011-06-01
19661052,LTC,28.7999992370605,28.75,19.8224830627441,28.6100006103516,28.969999313354503,118700,2011-06-02
19661066,LTC,28.4200000762939,28.559999465942397,19.691480636596697,28.280000686645497,28.850000381469698,119400,2011-06-03
19661067,LTC,28.5400009155273,28.3400001525879,19.5397987365723,28.2099990844727,28.719999313354503,127800,2011-06-06
19661071,LTC,28.5799999237061,28.5400009155273,19.677688598632802,28.2700004577637,28.850000381469698,114200,2011-06-07
19661084,LTC,28.3799991607666,28.4799995422363,19.636318206787102,28.2999992370605,28.8799991607666,127800,2011-06-08
19661085,LTC,28.5400009155273,28.2299995422363,19.4639453887939,28.1100006103516,28.690000534057603,79600,2011-06-09
19661089,LTC,28.0799999237061,27.3400001525879,18.8503150939941,27.25,28.1100006103516,171900,2011-06-10
19661108,LTC,27.469999313354503,27.149999618530302,18.719312667846697,27.1200008392334,27.5400009155273,204200,2011-06-13
19661109,LTC,27.3899993896484,27.2000007629395,18.7537956237793,27.1399993896484,27.4300003051758,173900,2011-06-14
19661110,LTC,27.030000686645497,26.649999618530302,18.374578475952102,26.5,27.1399993896484,277300,2011-06-15
19661114,LTC,26.719999313354503,26.809999465942397,18.4849033355713,26.510000228881804,27.1599998474121,231600,2011-06-16
19661128,LTC,27.0,26.8899993896484,18.5400505065918,26.649999618530302,27.0400009155273,366200,2011-06-17
19661132,LTC,26.7299995422363,27.0,18.713321685790998,26.6299991607666,27.2299995422363,171600,2011-06-20
19661145,LTC,27.1299991607666,27.2999992370605,18.9212417602539,27.0,27.469999313354503,191200,2011-06-21
19661149,LTC,27.25,27.2099990844727,18.8588638305664,27.190000534057603,27.5400009155273,83500,2011-06-22
19661163,LTC,26.8899993896484,26.7099990844727,18.5123252868652,26.6100006103516,27.0,137600,2011-06-23
19661167,LTC,26.7999992370605,27.0,18.713321685790998,26.7900009155273,27.2099990844727,369700,2011-06-24
19661221,LTC,27.0699996948242,27.0900001525879,18.7756938934326,27.0200004577637,27.440000534057603,141000,2011-06-27
19661225,LTC,27.1100006103516,27.3600006103516,18.9628314971924,26.9500007629395,27.4200000762939,179400,2011-06-28
19661241,LTC,27.399999618530302,27.5200004577637,19.0737266540527,27.219999313354503,27.5799999237061,102200,2011-06-29
19661245,LTC,27.6200008392334,27.8199996948242,19.2816467285156,27.4799995422363,27.8799991607666,176900,2011-06-30
19661271,LTC,27.8199996948242,28.1299991607666,19.496509552002,27.7000007629395,28.280000686645497,142800,2011-07-01
19661275,LTC,28.260000228881804,28.5799999237061,19.808391571044897,28.2099990844727,28.6299991607666,176200,2011-07-05
19661289,LTC,28.4300003051758,28.559999465942397,19.7945404052734,28.4300003051758,28.719999313354503,171000,2011-07-06
19661293,LTC,28.739999771118196,28.6700000762939,19.870769500732397,28.5200004577637,28.8700008392334,185400,2011-07-07
19661307,LTC,28.3799991607666,28.510000228881804,19.7598819732666,28.3799991607666,28.7299995422363,238700,2011-07-08
19661311,LTC,28.239999771118196,28.1700000762939,19.5242290496826,28.1200008392334,28.489999771118196,183300,2011-07-11
19661325,LTC,28.1399993896484,28.25,19.5796852111816,28.0499992370605,28.4599990844727,249900,2011-07-12
19661329,LTC,28.25,27.9599990844727,19.3786792755127,27.9500007629395,28.260000228881804,158400,2011-07-13
19661343,LTC,28.0799999237061,27.719999313354503,19.2123432159424,27.7099990844727,28.0799999237061,211200,2011-07-14
19661347,LTC,27.75,27.75,19.2331390380859,27.5799999237061,27.850000381469698,172200,2011-07-15
19661360,LTC,27.7299995422363,27.469999313354503,19.0390682220459,27.3299999237061,27.7299995422363,151800,2011-07-18
19661361,LTC,27.5,27.7999992370605,19.3664817810059,27.3899993896484,27.8199996948242,111000,2011-07-19
19661362,LTC,27.8299999237061,27.8400001525879,19.394357681274396,27.6800003051758,27.940000534057603,79300,2011-07-20
19661363,LTC,28.059999465942397,28.0900001525879,19.568515777587898,28.0400009155273,28.2700004577637,109200,2011-07-21
19661364,LTC,28.0799999237061,28.059999465942397,19.5476169586182,27.850000381469698,28.25,116900,2011-07-22
19661365,LTC,27.7700004577637,27.6599998474121,19.268955230712898,27.649999618530302,28.0,53200,2011-07-25
19661366,LTC,27.7000007629395,27.5799999237061,19.2132301330566,27.3899993896484,27.7999992370605,77700,2011-07-26
19661367,LTC,27.530000686645497,27.059999465942397,18.850986480712898,27.0200004577637,27.5799999237061,127200,2011-07-27
19661368,LTC,27.239999771118196,27.0499992370605,18.844013214111303,26.9099998474121,27.6299991607666,205900,2011-07-28
19661369,LTC,26.809999465942397,27.149999618530302,18.9136753082275,26.5799999237061,27.1700000762939,130800,2011-07-29
19661370,LTC,26.559999465942397,25.4099998474121,17.7015399932861,25.3400001525879,26.899999618530302,470000,2011-08-01
19661371,LTC,25.1800003051758,25.0799999237061,17.4716396331787,25.030000686645497,25.5499992370605,286100,2011-08-02
19661372,LTC,25.1200008392334,24.8199996948242,17.2905158996582,24.3799991607666,25.149999618530302,209300,2011-08-03
19661373,LTC,24.559999465942397,24.0900001525879,16.7819709777832,24.0799999237061,24.9500007629395,222500,2011-08-04
19661374,LTC,24.3400001525879,23.7900009155273,16.5729808807373,23.0699996948242,24.3400001525879,266200,2011-08-05
19661375,LTC,23.3899993896484,21.649999618530302,15.082179069519,21.649999618530302,23.5200004577637,406100,2011-08-08
19661379,LTC,21.1000003814697,22.7099990844727,15.820615768432601,20.3999996185303,22.75,520900,2011-08-09
19661380,LTC,22.1100006103516,22.1399993896484,15.423529624939,21.6299991607666,23.100000381469698,272300,2011-08-10
19661396,LTC,22.219999313354503,23.0,16.022638320922898,22.219999313354503,23.5,299600,2011-08-11
19661400,LTC,23.2900009155273,23.7000007629395,16.510276794433597,22.8299999237061,23.9300003051758,223400,2011-08-12
19661414,LTC,23.8799991607666,24.6299991607666,17.158155441284197,23.760000228881804,24.6399993896484,184200,2011-08-15
19661418,LTC,24.3799991607666,24.6700000762939,17.1860256195068,24.059999465942397,24.8299999237061,230600,2011-08-16
19661419,LTC,24.8600006103516,25.0,17.415901184082,24.4799995422363,25.100000381469698,302200,2011-08-17
19661420,LTC,24.399999618530302,23.9599990844727,16.6914138793945,23.780000686645497,24.6200008392334,299400,2011-08-18
19661421,LTC,23.4500007629395,23.649999618530302,16.572284698486303,23.1100006103516,24.1700000762939,253600,2011-08-19
19661422,LTC,24.149999618530302,23.9599990844727,16.789514541626,23.5400009155273,24.239999771118196,170900,2011-08-22
19661423,LTC,24.1599998474121,24.7700004577637,17.357101440429698,23.8400001525879,24.7700004577637,131500,2011-08-23
19661424,LTC,24.7299995422363,25.010000228881804,17.525274276733402,24.3799991607666,25.1299991607666,115900,2011-08-24
19661425,LTC,25.2000007629395,24.7299995422363,17.3290748596191,24.6100006103516,25.3199996948242,282200,2011-08-25
19661426,LTC,24.5200004577637,25.149999618530302,17.6233768463135,24.0900001525879,25.1700000762939,163300,2011-08-26
19661427,LTC,25.4200000762939,26.0799999237061,18.2750568389893,25.3299999237061,26.1299991607666,209600,2011-08-29
19661428,LTC,25.9799995422363,26.649999618530302,18.6744709014893,25.5499992370605,26.75,222800,2011-08-30
19661429,LTC,26.8400001525879,26.989999771118196,18.9127254486084,26.469999313354503,27.0900001525879,452800,2011-08-31
19661430,LTC,26.989999771118196,26.5799999237061,18.6254272460938,26.2000007629395,27.2700004577637,355500,2011-09-01
19661431,LTC,26.010000228881804,25.899999618530302,18.1489334106445,25.8600006103516,26.399999618530302,324000,2011-09-02
19661432,LTC,25.219999313354503,26.2099990844727,18.366159439086896,25.2099990844727,26.260000228881804,220700,2011-09-06
19661433,LTC,26.5,26.8899993896484,18.8426513671875,25.8700008392334,26.9200000762939,247400,2011-09-07
19661434,LTC,26.760000228881804,27.1100006103516,18.996812820434602,26.6299991607666,27.1700000762939,190000,2011-09-08
19661435,LTC,26.850000381469698,26.4300003051758,18.5203132629395,26.2900009155273,27.149999618530302,304200,2011-09-09
19661436,LTC,26.1200008392334,26.5900001525879,18.6324443817139,26.0499992370605,26.649999618530302,225000,2011-09-12
19661450,LTC,26.719999313354503,26.969999313354503,18.898723602294897,26.6800003051758,27.239999771118196,466300,2011-09-13
19661454,LTC,27.190000534057603,27.3600006103516,19.1719951629639,26.8700008392334,27.719999313354503,539200,2011-09-14
19661468,LTC,27.5499992370605,27.600000381469698,19.340167999267603,27.2999992370605,27.7900009155273,350200,2011-09-15
19661472,LTC,27.7299995422363,27.7999992370605,19.480312347412102,27.4300003051758,27.9099998474121,260700,2011-09-16
19661487,LTC,27.4099998474121,27.4799995422363,19.2560787200928,27.260000228881804,27.719999313354503,212300,2011-09-19
19661491,LTC,27.4599990844727,27.309999465942397,19.2349548339844,27.239999771118196,27.9099998474121,162600,2011-09-20
19661505,LTC,27.309999465942397,26.3899993896484,18.586980819702102,26.3199996948242,27.6399993896484,258600,2011-09-21
19661509,LTC,25.780000686645497,25.8600006103516,18.213689804077102,25.530000686645497,26.2999992370605,225300,2011-09-22
19661522,LTC,25.850000381469698,25.850000381469698,18.2066440582275,25.4300003051758,25.989999771118196,186400,2011-09-23
19661526,LTC,26.010000228881804,26.1599998474121,18.424991607665998,25.4599990844727,26.2099990844727,184000,2011-09-26
19661541,LTC,26.6299991607666,26.1800003051758,18.4390659332275,25.989999771118196,26.8299999237061,266400,2011-09-27
19661545,LTC,26.219999313354503,25.2000007629395,17.748836517334002,25.1599998474121,26.350000381469698,176200,2011-09-28
19661557,LTC,25.7299995422363,25.780000686645497,18.1573390960693,25.1100006103516,25.8299999237061,192000,2011-09-29
19661561,LTC,25.489999771118196,25.3199996948242,17.8333568572998,25.25,25.8600006103516,173900,2011-09-30
19661578,LTC,25.2000007629395,24.0900001525879,16.9670333862305,24.0699996948242,25.6299991607666,218700,2011-10-03
19661582,LTC,23.9099998474121,25.739999771118196,18.1291675567627,23.75,25.8700008392334,245100,2011-10-04
19661595,LTC,25.719999313354503,25.309999465942397,17.8263092041016,24.510000228881804,25.8799991607666,163500,2011-10-05
19661599,LTC,25.280000686645497,25.9099998474121,18.2488994598389,25.1700000762939,25.9599990844727,155000,2011-10-06
19661616,LTC,25.940000534057603,25.239999771118196,17.777011871337898,25.2000007629395,26.219999313354503,163900,2011-10-07
19661620,LTC,25.7099990844727,26.190000534057603,18.446117401123,25.5900001525879,26.2000007629395,189700,2011-10-10
19661636,LTC,26.0400009155273,25.739999771118196,18.1291675567627,25.6100006103516,26.0900001525879,163000,2011-10-11
19661640,LTC,25.9599990844727,25.850000381469698,18.2066440582275,25.7299995422363,26.1299991607666,265800,2011-10-12
19661653,LTC,25.6599998474121,25.7700004577637,18.1503047943115,25.399999618530302,26.030000686645497,168300,2011-10-13
19661658,LTC,26.0400009155273,26.3899993896484,18.586980819702102,25.940000534057603,26.5,154300,2011-10-14
19661672,LTC,26.2000007629395,25.899999618530302,18.2418575286865,25.75,26.2099990844727,233200,2011-10-17
19661676,LTC,25.899999618530302,26.25,18.4883766174316,25.8400001525879,26.3799991607666,421700,2011-10-18
19661689,LTC,26.0499992370605,25.8899993896484,18.3325977325439,25.6700000762939,26.1100006103516,335200,2011-10-19
19661693,LTC,25.940000534057603,26.0200004577637,18.4246444702148,25.3199996948242,26.4200000762939,163500,2011-10-20
19661709,LTC,26.399999618530302,26.899999618530302,19.047763824462898,26.2299995422363,26.9099998474121,174900,2011-10-21
19661713,LTC,26.940000534057603,27.5,19.4726257324219,26.850000381469698,27.6700000762939,184000,2011-10-24
19661727,LTC,27.3199996948242,26.940000534057603,19.076091766357397,26.8199996948242,27.399999618530302,151100,2011-10-25
19661732,LTC,27.280000686645497,26.9599990844727,19.090255737304698,26.559999465942397,27.3299999237061,181500,2011-10-26
19661745,LTC,27.809999465942397,28.5400009155273,20.209058761596697,27.5499992370605,28.649999618530302,234500,2011-10-27
19661749,LTC,28.350000381469698,28.5499992370605,20.216119766235398,28.219999313354503,28.8299999237061,166600,2011-10-28
19661761,LTC,28.2299995422363,28.3600006103516,20.0815868377686,27.9200000762939,28.7000007629395,162100,2011-10-31
19661765,LTC,27.3899993896484,27.530000686645497,19.4938659667969,27.0799999237061,28.3199996948242,187400,2011-11-01
19661778,LTC,28.2000007629395,28.1200008392334,19.9116477966309,27.5499992370605,28.3600006103516,136300,2011-11-02
19661782,LTC,28.350000381469698,28.989999771118196,20.5276889801025,27.9799995422363,29.0699996948242,178600,2011-11-03
19661796,LTC,28.7900009155273,28.5799999237061,20.2373638153076,28.3600006103516,28.8799991607666,215800,2011-11-04
19661800,LTC,28.489999771118196,28.7099990844727,20.3294143676758,28.239999771118196,28.9599990844727,142200,2011-11-07
19661813,LTC,28.9300003051758,29.4300003051758,20.839252471923803,28.3600006103516,29.510000228881804,147200,2011-11-08
19661817,LTC,28.9300003051758,28.0499992370605,19.8620834350586,28.0,29.0699996948242,194200,2011-11-09
19661831,LTC,28.4599990844727,28.1200008392334,19.9116477966309,28.010000228881804,28.4599990844727,135400,2011-11-10
19661835,LTC,28.399999618530302,29.0900001525879,20.5985012054443,28.239999771118196,29.1100006103516,123100,2011-11-11
19661848,LTC,28.8400001525879,28.2900009155273,20.0320224761963,28.1800003051758,28.899999618530302,157300,2011-11-14
19661852,LTC,28.1700000762939,28.9599990844727,20.5064487457275,28.149999618530302,29.1100006103516,162600,2011-11-15
19661865,LTC,28.739999771118196,28.6700000762939,20.3010940551758,28.5400009155273,29.100000381469698,178400,2011-11-16
19661869,LTC,28.690000534057603,28.239999771118196,19.9966201782227,28.100000381469698,28.690000534057603,216900,2011-11-17
19661883,LTC,28.190000534057603,28.559999465942397,20.3239669799805,28.0,28.5699996948242,198600,2011-11-18
19661887,LTC,28.059999465942397,27.8299999237061,19.8044757843018,27.6800003051758,28.190000534057603,201300,2011-11-21
19661900,LTC,27.8700008392334,27.6599998474121,19.6835098266602,27.559999465942397,28.0200004577637,167500,2011-11-22
19661901,LTC,27.510000228881804,26.9500007629395,19.178256988525398,26.9300003051758,27.5400009155273,174400,2011-11-23
19661905,LTC,26.8700008392334,26.8799991607666,19.1284332275391,26.850000381469698,27.510000228881804,59500,2011-11-25
19661920,LTC,27.7000007629395,27.530000686645497,19.5910034179688,27.3400001525879,27.75,217400,2011-11-28
19661924,LTC,27.5200004577637,27.4099998474121,19.505596160888697,27.260000228881804,27.6200008392334,117400,2011-11-29
19661937,LTC,28.3199996948242,28.75,20.459171295165998,27.989999771118196,28.7700004577637,351100,2011-11-30
19661941,LTC,28.6399993896484,28.75,20.459171295165998,28.3600006103516,29.0499992370605,209900,2011-12-01
19661954,LTC,28.940000534057603,28.6800003051758,20.409368515014602,28.6200008392334,29.2999992370605,96000,2011-12-02
19661958,LTC,29.059999465942397,29.3400001525879,20.879035949707,28.8199996948242,29.559999465942397,241300,2011-12-05
19661970,LTC,29.4300003051758,29.1700000762939,20.758056640625,29.0699996948242,29.4300003051758,158100,2011-12-06
19661974,LTC,29.1200008392334,29.5499992370605,21.0284690856934,28.739999771118196,29.6100006103516,124700,2011-12-07
19661987,LTC,29.3400001525879,28.7299995422363,20.4449405670166,28.6800003051758,29.3400001525879,102400,2011-12-08
19661991,LTC,28.739999771118196,29.5200004577637,21.007116317749,28.739999771118196,29.649999618530302,163800,2011-12-09
19662004,LTC,29.1599998474121,29.0,20.6370792388916,28.7000007629395,29.2700004577637,161800,2011-12-12
19662008,LTC,29.2299995422363,28.8700008392334,20.5445671081543,28.780000686645497,29.5699996948242,104000,2011-12-13
19662022,LTC,28.739999771118196,29.100000381469698,20.7082443237305,28.7000007629395,29.5200004577637,166300,2011-12-14
19662026,LTC,29.4599990844727,29.3600006103516,20.893259048461896,29.100000381469698,29.5,190600,2011-12-15
19662039,LTC,29.3400001525879,29.6100006103516,21.0711650848389,29.2999992370605,29.9500007629395,314800,2011-12-16
19662043,LTC,29.6399993896484,29.2299995422363,20.8007507324219,29.1700000762939,29.780000686645497,136200,2011-12-19
19662057,LTC,29.3600006103516,29.9200000762939,21.394241333007802,29.260000228881804,29.9200000762939,188800,2011-12-20
19662061,LTC,29.8299999237061,30.280000686645497,21.651657104492198,29.7099990844727,30.3799991607666,157100,2011-12-21
19662074,LTC,30.3700008392334,30.3400001525879,21.694570541381804,30.260000228881804,30.5900001525879,154500,2011-12-22
19662081,LTC,30.469999313354503,30.4300003051758,21.758914947509798,30.2000007629395,30.739999771118196,232600,2011-12-23
19662093,LTC,30.399999618530302,31.0499992370605,22.2022533416748,30.280000686645497,31.1100006103516,103600,2011-12-27
19662094,LTC,31.1100006103516,30.7000007629395,21.9519729614258,30.6299991607666,31.1100006103516,114500,2011-12-28
19662098,LTC,30.7999992370605,31.030000686645497,22.187946319580103,30.7999992370605,31.219999313354503,139700,2011-12-29
19662112,LTC,31.100000381469698,30.8600006103516,22.066385269165,30.8600006103516,31.3799991607666,162800,2011-12-30
19662116,LTC,31.5699996948242,31.1700000762939,22.288049697876,30.8600006103516,31.5900001525879,145900,2012-01-03
19662138,LTC,30.9500007629395,30.899999618530302,22.0949878692627,30.690000534057603,31.0699996948242,161200,2012-01-04
19662162,LTC,30.7999992370605,31.219999313354503,22.323804855346697,30.6200008392334,31.309999465942397,112500,2012-01-05
19662189,LTC,31.2299995422363,31.2700004577637,22.3595504760742,30.8899993896484,31.5499992370605,138900,2012-01-06
19662193,LTC,31.469999313354503,31.399999618530302,22.4525165557861,31.2099990844727,31.5200004577637,124900,2012-01-09
19662263,LTC,31.739999771118196,31.7700004577637,22.7170791625977,31.600000381469698,31.8700008392334,137900,2012-01-10
19662267,LTC,31.7099990844727,31.9799995422363,22.8672389984131,31.649999618530302,32.0,161700,2012-01-11
19662323,LTC,32.009998321533196,31.7299995422363,22.688472747802702,31.5499992370605,32.1500015258789,225300,2012-01-12
19662327,LTC,31.5499992370605,31.649999618530302,22.631273269653303,31.4099998474121,31.6800003051758,163600,2012-01-13
19662340,LTC,31.8700008392334,31.8199996948242,22.752830505371104,31.6100006103516,31.969999313354503,189500,2012-01-17
19662344,LTC,31.899999618530302,32.1399993896484,22.9816493988037,31.780000686645497,32.1399993896484,130500,2012-01-18
19662356,LTC,32.080001831054695,31.6399993896484,22.7266540527344,31.6100006103516,32.25,286600,2012-01-19
19662360,LTC,31.5699996948242,31.5499992370605,22.662012100219698,31.4300003051758,31.7900009155273,308700,2012-01-20
19662373,LTC,31.2000007629395,31.4300003051758,22.5758113861084,31.059999465942397,31.690000534057603,162600,2012-01-23
19662377,LTC,31.1100006103516,31.469999313354503,22.604537963867198,31.1100006103516,31.5,165200,2012-01-24
19662390,LTC,31.5200004577637,31.5900001525879,22.690734863281197,31.2700004577637,31.7000007629395,244300,2012-01-25
19662394,LTC,31.6399993896484,31.760000228881804,22.8128509521484,31.530000686645497,31.7999992370605,214400,2012-01-26
19662406,LTC,31.5900001525879,31.6599998474121,22.741022109985398,31.5,31.75,115000,2012-01-27
19662410,LTC,31.3799991607666,31.719999313354503,22.784124374389602,31.3799991607666,31.760000228881804,188800,2012-01-30
19662411,LTC,31.9099998474121,31.9500007629395,22.9493198394775,31.5499992370605,32.0,163300,2012-01-31
19662424,LTC,32.0,32.4300003051758,23.2941036224365,31.899999618530302,32.4599990844727,175500,2012-02-01
19662428,LTC,32.4500007629395,32.2099990844727,23.1360816955566,32.189998626709,32.5999984741211,180200,2012-02-02
19662441,LTC,32.5499992370605,32.7000007629395,23.4880390167236,32.5499992370605,32.830001831054695,166300,2012-02-03
19662445,LTC,32.6500015258789,32.720001220703104,23.5024070739746,32.5699996948242,32.8600006103516,104100,2012-02-06
19662457,LTC,32.060001373291,32.6300010681152,23.437767028808604,32.0,32.7099990844727,125600,2012-02-07
19662461,LTC,32.580001831054695,32.580001831054695,23.4018440246582,32.2700004577637,32.7000007629395,80100,2012-02-08
19662473,LTC,32.6500015258789,32.3600006103516,23.243833541870103,32.1500015258789,32.7000007629395,61500,2012-02-09
19662477,LTC,32.0499992370605,31.9500007629395,22.9493198394775,31.940000534057603,32.330001831054695,132300,2012-02-10
19662491,LTC,32.2299995422363,32.189998626709,23.1217155456543,32.0699996948242,32.330001831054695,136900,2012-02-13
19662495,LTC,32.189998626709,31.8400001525879,22.870315551757802,31.780000686645497,32.189998626709,115100,2012-02-14
19662508,LTC,31.899999618530302,31.7299995422363,22.791296005249,31.559999465942397,31.9799995422363,143400,2012-02-15
19662512,LTC,31.5699996948242,31.739999771118196,22.903150558471697,31.5699996948242,32.080001831054695,144800,2012-02-16
19662525,LTC,31.8899993896484,31.6200008392334,22.816553115844698,31.530000686645497,31.9599990844727,140800,2012-02-17
19662529,LTC,31.5499992370605,31.4099998474121,22.6650238037109,31.260000228881804,31.75,124400,2012-02-21
19662542,LTC,31.440000534057603,30.7700004577637,22.203201293945302,30.6599998474121,31.4799995422363,162800,2012-02-22
19662546,LTC,30.7299995422363,31.25,22.549570083618196,30.6700000762939,31.309999465942397,117000,2012-02-23
19662557,LTC,31.2000007629395,30.809999465942397,22.2320671081543,30.7700004577637,31.2299995422363,162700,2012-02-24
19662561,LTC,30.7000007629395,31.1299991607666,22.4629802703857,30.3799991607666,31.2000007629395,103500,2012-02-27
19662573,LTC,31.239999771118196,31.850000381469698,22.9825248718262,31.1599998474121,32.1199989318848,162100,2012-02-28
19662577,LTC,31.7700004577637,30.8600006103516,22.2681541442871,30.850000381469698,32.1500015258789,262700,2012-02-29
19662628,LTC,31.0499992370605,30.5900001525879,22.0733280181885,30.4799995422363,31.2999992370605,194000,2012-03-01
19662632,LTC,30.5900001525879,30.399999618530302,21.936223983764602,30.239999771118196,30.739999771118196,198500,2012-03-02
19662694,LTC,30.4300003051758,30.690000534057603,22.1454811096191,30.1700000762939,30.7099990844727,130600,2012-03-05
19662698,LTC,30.3700008392334,30.4599990844727,21.979516983032198,30.2700004577637,30.739999771118196,112000,2012-03-06
19662712,LTC,30.5699996948242,30.4200000762939,21.950660705566396,30.219999313354503,30.6700000762939,114500,2012-03-07
19662716,LTC,30.5400009155273,30.3700008392334,21.9145774841309,30.2000007629395,30.6200008392334,140500,2012-03-08
19662729,LTC,30.3700008392334,30.510000228881804,22.015604019165,30.2000007629395,30.7900009155273,256700,2012-03-09
19662733,LTC,30.4799995422363,30.489999771118196,22.001165390014602,30.3400001525879,30.5900001525879,108100,2012-03-12
19662734,LTC,30.719999313354503,31.149999618530302,22.477420806884798,30.510000228881804,31.1599998474121,139800,2012-03-13
19662748,LTC,31.1599998474121,30.8400001525879,22.253717422485398,30.6100006103516,31.1599998474121,96500,2012-03-14
19662752,LTC,30.7999992370605,30.6700000762939,22.131046295166,30.4099998474121,30.7999992370605,108600,2012-03-15
19662764,LTC,30.6299991607666,30.760000228881804,22.1959915161133,30.489999771118196,30.7900009155273,170900,2012-03-16
19662768,LTC,30.7900009155273,31.059999465942397,22.4124736785889,30.6800003051758,31.0799999237061,162000,2012-03-19
19662779,LTC,30.7299995422363,30.739999771118196,22.285598754882802,30.559999465942397,30.8400001525879,102800,2012-03-20
19662783,LTC,30.7099990844727,30.5900001525879,22.1768531799316,30.5900001525879,31.0,95500,2012-03-21
19662794,LTC,30.489999771118196,30.5400009155273,22.1405944824219,30.1100006103516,30.559999465942397,158600,2012-03-22
19662798,LTC,30.4300003051758,30.8600006103516,22.3725967407227,30.3199996948242,30.9200000762939,149300,2012-03-23
19662810,LTC,31.059999465942397,31.1800003051758,22.604591369628896,30.9200000762939,31.2099990844727,152100,2012-03-26
19662814,LTC,31.1399993896484,31.280000686645497,22.677082061767603,31.1399993896484,31.559999465942397,125000,2012-03-27
19662826,LTC,31.3400001525879,31.3700008392334,22.7423305511475,31.1800003051758,31.4300003051758,153500,2012-03-28
19662830,LTC,31.1700000762939,31.3199996948242,22.706077575683604,31.0400009155273,31.440000534057603,74100,2012-03-29
19662842,LTC,31.5799999237061,32.0,23.1990642547607,31.440000534057603,32.2000007629395,268900,2012-03-30
19662846,LTC,32.0,32.2700004577637,23.3947944641113,31.780000686645497,32.490001678466804,159900,2012-04-02
19662857,LTC,32.259998321533196,32.0699996948242,23.249813079834,31.8899993896484,32.4099998474121,159200,2012-04-03
19662861,LTC,31.8700008392334,31.760000228881804,23.025070190429698,31.4500007629395,31.940000534057603,103300,2012-04-04
19662892,LTC,31.600000381469698,31.8199996948242,23.068567276001,31.5,31.9300003051758,143800,2012-04-05
19662896,LTC,31.350000381469698,31.600000381469698,22.9090747833252,31.350000381469698,31.7099990844727,120800,2012-04-09
19662915,LTC,31.559999465942397,31.0900001525879,22.5393409729004,31.0200004577637,31.739999771118196,146700,2012-04-10
19662919,LTC,31.3700008392334,31.1599998474121,22.590084075927702,30.9500007629395,31.3700008392334,200000,2012-04-11
19662931,LTC,31.1200008392334,31.2299995422363,22.6408252716064,30.969999313354503,31.4300003051758,174300,2012-04-12
19662935,LTC,31.1700000762939,31.1299991607666,22.568334579467802,31.030000686645497,31.350000381469698,123800,2012-04-13
19662946,LTC,31.3299999237061,31.690000534057603,22.9743213653564,31.1800003051758,31.9799995422363,141900,2012-04-16
19662950,LTC,31.9599990844727,32.310001373291,23.423805236816396,31.75,32.4500007629395,242500,2012-04-17
19662961,LTC,32.0499992370605,32.0999984741211,23.376468658447298,31.940000534057603,32.25,154400,2012-04-18
19662965,LTC,32.169998168945305,32.029998779296896,23.3254928588867,31.760000228881804,32.240001678466804,136000,2012-04-19
19662976,LTC,32.3199996948242,32.4799995422363,23.653190612793,32.1300010681152,32.6599998474121,206600,2012-04-20
19662980,LTC,32.080001831054695,32.1399993896484,23.405597686767603,31.8799991607666,32.2900009155273,164000,2012-04-23
19662990,LTC,32.1300010681152,32.5,23.6677627563477,32.0900001525879,32.5499992370605,114900,2012-04-24
19662994,LTC,32.7700004577637,32.9599990844727,24.002748489379897,32.6399993896484,33.009998321533196,125600,2012-04-25
19663005,LTC,32.9599990844727,33.1500015258789,24.1411113739014,32.8499984741211,33.2900009155273,105000,2012-04-26
19663009,LTC,33.189998626709,33.4099998474121,24.330467224121104,32.939998626709,33.6300010681152,127000,2012-04-27
19663020,LTC,33.4099998474121,33.279998779296896,24.2357864379883,33.0200004577637,33.5200004577637,99000,2012-04-30
19663024,LTC,33.3400001525879,33.189998626709,24.170246124267603,33.1800003051758,33.6199989318848,257500,2012-05-01
19663033,LTC,33.080001831054695,33.1500015258789,24.1411113739014,32.6800003051758,33.1800003051758,189000,2012-05-02
19663037,LTC,33.169998168945305,33.0900001525879,24.0974235534668,32.9000015258789,33.2999992370605,101900,2012-05-03
19663047,LTC,32.919998168945305,32.6800003051758,23.7988471984863,32.6800003051758,33.0699996948242,281300,2012-05-04
19663051,LTC,32.560001373291,32.8499984741211,23.9226379394531,32.419998168945305,32.9799995422363,199000,2012-05-07
19663062,LTC,32.669998168945305,32.580001831054695,23.726018905639602,32.3899993896484,32.8199996948242,144400,2012-05-08
19663066,LTC,32.2999992370605,32.6399993896484,23.769714355468803,32.2000007629395,32.7700004577637,150000,2012-05-09
19663076,LTC,32.7999992370605,32.9500007629395,23.9954662322998,32.3699989318848,32.9599990844727,117600,2012-05-10
19663080,LTC,32.759998321533196,33.1399993896484,24.1338329315186,32.6199989318848,33.1500015258789,128000,2012-05-11
19663090,LTC,32.8800010681152,32.7700004577637,23.864393234252898,32.75,33.0400009155273,96000,2012-05-14
19663094,LTC,32.8600006103516,32.810001373291,23.8935146331787,32.5200004577637,32.8899993896484,84000,2012-05-15
19663103,LTC,32.8600006103516,32.5900001525879,23.733301162719698,32.5699996948242,33.029998779296896,110400,2012-05-16
19663107,LTC,32.6399993896484,32.1800003051758,23.4347248077393,32.1800003051758,32.6599998474121,172500,2012-05-17
19663118,LTC,32.169998168945305,31.9799995422363,23.2890777587891,31.850000381469698,32.3499984741211,157600,2012-05-18
19663122,LTC,31.7999992370605,31.600000381469698,23.1171703338623,31.2700004577637,32.0400009155273,350100,2012-05-21
19663133,LTC,31.600000381469698,31.7900009155273,23.2561550140381,31.469999313354503,32.0,188000,2012-05-22
19663137,LTC,31.559999465942397,31.8700008392334,23.314672470092802,31.350000381469698,31.940000534057603,114000,2012-05-23
19663149,LTC,31.9599990844727,32.1500015258789,23.5195293426514,31.6800003051758,32.169998168945305,127900,2012-05-24
19663153,LTC,32.2000007629395,32.0499992370605,23.446363449096697,31.9200000762939,32.3400001525879,115700,2012-05-25
19663162,LTC,32.2900009155273,32.580001831054695,23.8340911865234,32.1199989318848,32.6500015258789,105200,2012-05-29
19663166,LTC,32.3600006103516,32.1599998474121,23.5268287658691,32.0,32.470001220703104,189700,2012-05-30
19663177,LTC,32.2099990844727,32.2700004577637,23.6073017120361,32.0900001525879,32.5,288500,2012-05-31
19663181,LTC,31.7900009155273,31.7099990844727,23.1976375579834,31.6399993896484,32.0400009155273,143800,2012-06-01
19663193,LTC,31.7900009155273,31.5,23.044006347656197,31.2999992370605,32.0,132800,2012-06-04
19663197,LTC,31.4500007629395,31.75,23.2268962860107,31.3700008392334,32.009998321533196,137700,2012-06-05
19663209,LTC,32.0499992370605,32.6100006103516,23.856029510498,31.7900009155273,32.6100006103516,131500,2012-06-06
19663213,LTC,32.990001678466804,32.2099990844727,23.5634117126465,32.2099990844727,33.1300010681152,142500,2012-06-07
19663223,LTC,32.1199989318848,32.8199996948242,24.0096626281738,32.1199989318848,32.8899993896484,71800,2012-06-08
19663227,LTC,33.1800003051758,32.5999984741211,23.8487148284912,32.5499992370605,33.1800003051758,263800,2012-06-11
19663237,LTC,32.759998321533196,32.970001220703104,24.1193962097168,32.2000007629395,32.9799995422363,126600,2012-06-12
19663241,LTC,32.990001678466804,32.919998168945305,24.0828170776367,32.6599998474121,33.2000007629395,132500,2012-06-13
19663253,LTC,32.8699989318848,33.279998779296896,24.3461761474609,32.8499984741211,33.3499984741211,272300,2012-06-14
19663257,LTC,33.259998321533196,33.8499984741211,24.763162612915,33.259998321533196,33.919998168945305,786900,2012-06-15
19663269,LTC,33.7299995422363,34.3600006103516,25.1362571716309,33.6599998474121,34.4799995422363,212600,2012-06-18
19663273,LTC,34.310001373291,34.8699989318848,25.617454528808604,34.2999992370605,35.0,163300,2012-06-19
19663285,LTC,34.759998321533196,35.0,25.712957382202102,34.6300010681152,35.22999954223629,162600,2012-06-20
19663289,LTC,35.0200004577637,34.7999992370605,25.566030502319304,34.6100006103516,35.1300010681152,267600,2012-06-21
19663300,LTC,35.060001373291,34.9500007629395,25.6762256622314,34.8499984741211,35.1800003051758,236600,2012-06-22
19663304,LTC,34.5900001525879,34.7900009155273,25.5586891174316,34.4599990844727,35.0699996948242,121900,2012-06-25
19663317,LTC,34.7999992370605,34.580001831054695,25.404409408569304,34.560001373291,34.939998626709,111000,2012-06-26
19663321,LTC,34.7099990844727,34.9000015258789,25.639501571655302,34.5900001525879,35.029998779296896,161500,2012-06-27
19663334,LTC,34.740001678466804,35.4900016784668,26.0729465484619,34.740001678466804,35.4900016784668,252300,2012-06-28
19663338,LTC,36.1100006103516,36.279998779296896,26.6533203125,35.8499984741211,36.4199981689453,162800,2012-06-29
19663352,LTC,36.3300018310547,37.2000007629395,27.3292121887207,36.209999084472706,37.3499984741211,215300,2012-07-02
19663356,LTC,37.3699989318848,37.0,27.1822681427002,36.790000915527294,37.4500007629395,142100,2012-07-03
19663367,LTC,37.0800018310547,36.9000015258789,27.1088085174561,36.689998626709,37.930000305175795,124700,2012-07-05
19663371,LTC,36.6699981689453,36.8400001525879,27.06471824646,36.459999084472706,36.9000015258789,145400,2012-07-06
19663393,LTC,36.72999954223629,36.819999694824205,27.0500335693359,36.6599998474121,36.97999954223629,273600,2012-07-09
19663397,LTC,35.5499992370605,35.4900016784668,26.0729465484619,35.279998779296896,35.8699989318848,524800,2012-07-10
19663410,LTC,35.6599998474121,35.6699981689453,26.2051830291748,35.2000007629395,35.7599983215332,374200,2012-07-11
19663414,LTC,35.6100006103516,35.779998779296896,26.285987854003896,35.5800018310547,35.939998626709,284000,2012-07-12
19663428,LTC,35.97999954223629,36.4199981689453,26.7561683654785,35.939998626709,36.52000045776371,354800,2012-07-13
19663432,LTC,36.459999084472706,36.5,26.8149356842041,36.3800010681152,36.75,137900,2012-07-16
19663445,LTC,36.5999984741211,36.8400001525879,27.06471824646,36.4099998474121,37.0,233700,2012-07-17
19663449,LTC,36.72999954223629,36.5,26.8149356842041,36.439998626709,36.959999084472706,147500,2012-07-18
19663460,LTC,36.5999984741211,36.02000045776371,26.567850112915,35.8899993896484,36.77000045776371,170200,2012-07-19
19663464,LTC,35.8300018310547,35.779998779296896,26.3908309936523,35.4199981689453,35.9500007629395,214100,2012-07-20
19663477,LTC,35.459999084472706,35.4500007629395,26.1474266052246,35.25,35.6500015258789,104400,2012-07-23
19663481,LTC,35.560001373291,35.3499984741211,26.073669433593803,35.1800003051758,35.7000007629395,337800,2012-07-24
19663496,LTC,35.5900001525879,35.319999694824205,26.051549911499,35.1500015258789,35.6300010681152,113100,2012-07-25
19663500,LTC,35.6699981689453,35.430000305175795,26.132677078247102,35.22999954223629,35.9500007629395,96400,2012-07-26
19663512,LTC,35.52000045776371,35.77000045776371,26.3834590911865,35.5,36.1699981689453,106300,2012-07-27
19663516,LTC,35.75,35.7400016784668,26.3613300323486,35.709999084472706,36.1100006103516,255700,2012-07-30
19663530,LTC,35.790000915527294,35.7000007629395,26.331823348999,35.5999984741211,35.9500007629395,150000,2012-07-31
19663534,LTC,35.810001373291,35.189998626709,25.9556522369385,35.169998168945305,36.1199989318848,216900,2012-08-01
19663546,LTC,35.0200004577637,35.52000045776371,26.1990623474121,34.75,35.560001373291,113400,2012-08-02
19663550,LTC,35.939998626709,35.75,26.3687057495117,35.6100006103516,36.0499992370605,112200,2012-08-03
19663561,LTC,35.8899993896484,35.5900001525879,26.250696182251,35.47999954223629,36.02000045776371,164000,2012-08-06
19663565,LTC,35.689998626709,34.779998779296896,25.6532382965088,34.740001678466804,36.0099983215332,160700,2012-08-07
19663576,LTC,34.7700004577637,34.3199996948242,25.3139572143555,34.25,35.209999084472706,109100,2012-08-08
19663580,LTC,34.3499984741211,33.759998321533196,24.900903701782198,33.720001220703104,34.3899993896484,160100,2012-08-09
19663591,LTC,33.779998779296896,33.669998168945305,24.8345222473145,33.509998321533196,34.0,156100,2012-08-10
19663595,LTC,33.7099990844727,33.759998321533196,24.900903701782198,33.6300010681152,33.8899993896484,118400,2012-08-13
19663609,LTC,33.9500007629395,33.75,24.893529891967802,33.6800003051758,33.970001220703104,171900,2012-08-14
19663613,LTC,33.7099990844727,33.720001220703104,24.8714084625244,33.490001678466804,33.8499984741211,146000,2012-08-15
19663626,LTC,33.7999992370605,33.720001220703104,24.8714084625244,33.5400009155273,33.8199996948242,181400,2012-08-16
19663630,LTC,33.7099990844727,33.7700004577637,24.9082908630371,33.6300010681152,33.8899993896484,385700,2012-08-17
19663644,LTC,33.7700004577637,33.7900009155273,24.9230442047119,33.6399993896484,33.9099998474121,156400,2012-08-20
19663648,LTC,33.779998779296896,33.1599998474121,24.57106590271,33.0699996948242,33.7900009155273,263200,2012-08-21
19663660,LTC,33.0200004577637,32.9300003051758,24.400638580322298,32.7099990844727,33.0499992370605,281000,2012-08-22
19663664,LTC,32.970001220703104,32.6399993896484,24.1857566833496,32.4500007629395,33.060001373291,167400,2012-08-23
19663678,LTC,32.5900001525879,32.560001373291,24.126474380493196,32.470001220703104,32.7099990844727,135500,2012-08-24
19663682,LTC,32.5999984741211,32.720001220703104,24.2450351715088,32.439998626709,32.919998168945305,211000,2012-08-27
19663696,LTC,32.810001373291,33.1500015258789,24.563657760620103,32.5699996948242,33.169998168945305,135700,2012-08-28
19663700,LTC,33.189998626709,33.4500007629395,24.7859573364258,33.169998168945305,33.560001373291,89300,2012-08-29
19663713,LTC,33.3699989318848,33.7099990844727,24.9786052703857,33.3600006103516,33.7900009155273,138300,2012-08-30
19663717,LTC,33.9099998474121,33.740001678466804,25.000841140747102,33.6199989318848,34.0,215400,2012-08-31
19663731,LTC,33.7999992370605,34.189998626709,25.334287643432603,33.7099990844727,34.259998321533196,137500,2012-09-04
19663735,LTC,34.3400001525879,34.2000007629395,25.341678619384798,34.1500015258789,34.4500007629395,144600,2012-09-05
19663749,LTC,34.3800010681152,34.4099998474121,25.4973087310791,34.2299995422363,34.470001220703104,166200,2012-09-06
19663753,LTC,34.5900001525879,33.7700004577637,25.0230827331543,33.6300010681152,34.7299995422363,192300,2012-09-07
19663799,LTC,33.6500015258789,33.5999984741211,24.8970947265625,33.419998168945305,34.0200004577637,98200,2012-09-10
19663803,LTC,33.669998168945305,33.7999992370605,25.045291900634798,33.5999984741211,33.9099998474121,82400,2012-09-11
19663823,LTC,33.970001220703104,33.6399993896484,24.9267425537109,33.4599990844727,33.970001220703104,115000,2012-09-12
19663827,LTC,33.7900009155273,33.8400001525879,25.074937820434602,33.689998626709,34.2000007629395,178100,2012-09-13
19663839,LTC,34.0,34.0200004577637,25.208311080932603,33.9099998474121,34.310001373291,145400,2012-09-14
19663843,LTC,33.9799995422363,33.529998779296896,24.8452320098877,33.4000015258789,34.0900001525879,165600,2012-09-17
19663856,LTC,33.4000015258789,33.3699989318848,24.841506958007802,33.1100006103516,33.490001678466804,133800,2012-09-18
19663859,LTC,33.490001678466804,33.0200004577637,24.5809669494629,33.0200004577637,33.5999984741211,155300,2012-09-19
19663903,LTC,32.990001678466804,32.8400001525879,24.446966171264602,32.7900009155273,33.060001373291,89000,2012-09-20
19663905,LTC,33.0699996948242,32.6399993896484,24.298082351684602,32.6399993896484,33.169998168945305,298600,2012-09-21
19663917,LTC,32.7299995422363,32.7099990844727,24.3501873016357,32.6500015258789,32.9500007629395,216800,2012-09-24
19663919,LTC,32.7700004577637,32.259998321533196,24.015199661254897,32.2299995422363,33.0,183000,2012-09-25
19663933,LTC,32.3699989318848,31.8199996948242,23.6876487731934,31.780000686645497,32.580001831054695,245000,2012-09-26
19663935,LTC,32.009998321533196,31.8899993896484,23.7397632598877,31.850000381469698,32.060001373291,196200,2012-09-27
19663948,LTC,31.8600006103516,31.850000381469698,23.709983825683604,31.5900001525879,31.989999771118196,172700,2012-09-28
19663950,LTC,31.9200000762939,31.7299995422363,23.620653152465803,31.4099998474121,31.969999313354503,120500,2012-10-01
19663963,LTC,31.7999992370605,31.7900009155273,23.6653232574463,31.649999618530302,31.8600006103516,159100,2012-10-02
19663965,LTC,31.9200000762939,31.850000381469698,23.709983825683604,31.75,31.989999771118196,147200,2012-10-03
19663979,LTC,31.9599990844727,31.9200000762939,23.762088775634798,31.5799999237061,32.060001373291,119700,2012-10-04
19663981,LTC,31.9500007629395,31.8899993896484,23.7397632598877,31.7099990844727,32.0900001525879,109600,2012-10-05
19663993,LTC,31.809999465942397,31.899999618530302,23.7471923828125,31.7299995422363,32.0,67800,2012-10-08
19663995,LTC,31.9500007629395,31.989999771118196,23.814205169677702,31.8799991607666,32.0900001525879,278800,2012-10-09
19664007,LTC,31.7299995422363,31.9500007629395,23.7844257354736,31.7299995422363,32.0699996948242,280300,2012-10-10
19664009,LTC,32.0400009155273,31.8600006103516,23.717420578002898,31.850000381469698,32.1500015258789,129000,2012-10-11
19664021,LTC,31.850000381469698,32.0499992370605,23.8588676452637,31.7900009155273,32.1399993896484,169400,2012-10-12
19664023,LTC,32.080001831054695,32.830001831054695,24.439529418945302,32.0400009155273,32.9099998474121,204900,2012-10-15
19664037,LTC,32.8600006103516,33.279998779296896,24.7745151519775,32.8499984741211,33.3199996948242,203000,2012-10-16
19664039,LTC,33.1300010681152,33.0200004577637,24.5809669494629,32.8600006103516,33.259998321533196,149900,2012-10-17
19664053,LTC,33.0499992370605,33.259998321533196,24.7596282958984,32.9799995422363,33.3499984741211,134200,2012-10-18
19664055,LTC,33.0499992370605,32.8899993896484,24.598819732666,32.7000007629395,33.310001373291,156700,2012-10-19
19664067,LTC,32.9099998474121,32.689998626709,24.4492454528809,32.439998626709,32.9099998474121,115700,2012-10-22
19664069,LTC,32.580001831054695,32.8499984741211,24.568895339965803,32.25,32.8800010681152,143300,2012-10-23
19664081,LTC,33.0,32.779998779296896,24.5165500640869,32.6300010681152,33.0,97300,2012-10-24
19664083,LTC,32.939998626709,32.810001373291,24.5389919281006,32.490001678466804,33.1199989318848,124600,2012-10-25
19664096,LTC,32.8499984741211,32.330001831054695,24.179992675781197,32.2299995422363,32.8499984741211,83400,2012-10-26
19664098,LTC,32.4300003051758,33.009998321533196,24.6885643005371,32.4300003051758,33.0400009155273,173200,2012-10-31
19664110,LTC,33.060001373291,33.4300003051758,25.0027027130127,32.8800010681152,33.470001220703104,211600,2012-11-01
19664112,LTC,33.3899993896484,33.5900001525879,25.122360229492198,33.3400001525879,33.9000015258789,149900,2012-11-02
19664126,LTC,33.720001220703104,33.259998321533196,24.875555038452102,33.1399993896484,33.720001220703104,121900,2012-11-05
19664128,LTC,33.3800010681152,33.330001831054695,24.9279003143311,33.189998626709,33.509998321533196,103900,2012-11-06
19664142,LTC,33.080001831054695,32.9099998474121,24.6137809753418,32.7000007629395,33.1800003051758,119100,2012-11-07
19664144,LTC,32.990001678466804,32.5499992370605,24.344537734985398,32.5,33.0400009155273,114000,2012-11-08
19664156,LTC,32.3800010681152,31.780000686645497,23.768634796142603,31.5900001525879,32.4599990844727,226300,2012-11-09
19664158,LTC,31.9099998474121,31.75,23.746202468872102,31.6700000762939,31.9099998474121,78900,2012-11-12
19664181,LTC,31.5799999237061,32.240001678466804,24.1126823425293,31.5799999237061,32.3800010681152,151900,2012-11-13
19664183,LTC,32.3499984741211,31.4300003051758,23.5068798065186,31.350000381469698,32.490001678466804,118800,2012-11-14
19664197,LTC,31.309999465942397,31.059999465942397,23.230144500732397,30.4099998474121,31.309999465942397,174300,2012-11-15
19664199,LTC,30.9599990844727,31.7700004577637,23.761163711547898,30.7999992370605,31.8299999237061,169500,2012-11-16
19664212,LTC,31.9099998474121,31.8199996948242,23.915237426757802,31.649999618530302,31.9300003051758,130300,2012-11-19
19664214,LTC,31.7900009155273,31.969999313354503,24.027967453002898,31.510000228881804,31.969999313354503,68500,2012-11-20
19664226,LTC,32.0499992370605,31.899999618530302,23.9753589630127,31.649999618530302,32.1599998474121,68700,2012-11-21
19664228,LTC,32.1399993896484,32.2299995422363,24.2233810424805,31.9200000762939,32.240001678466804,32200,2012-11-23
19664239,LTC,32.2099990844727,32.6399993896484,24.531536102294897,32.009998321533196,32.6500015258789,139400,2012-11-26
19664241,LTC,32.560001373291,32.5699996948242,24.478923797607397,32.1100006103516,32.740001678466804,160500,2012-11-27
19664253,LTC,32.509998321533196,32.6100006103516,24.508985519409197,32.0999984741211,32.6800003051758,84100,2012-11-28
19664255,LTC,32.8199996948242,32.7700004577637,24.629230499267603,32.029998779296896,32.8199996948242,114000,2012-11-29
19664266,LTC,32.8499984741211,32.720001220703104,24.591661453247102,32.6100006103516,32.9599990844727,168100,2012-11-30
19664268,LTC,32.919998168945305,33.080001831054695,24.8622169494629,32.439998626709,33.080001831054695,100400,2012-12-03
19664281,LTC,33.0400009155273,32.8800010681152,24.711910247802702,32.6399993896484,33.1199989318848,109900,2012-12-04
19664283,LTC,32.8899993896484,32.6800003051758,24.5615921020508,32.529998779296896,32.919998168945305,72100,2012-12-05
19664297,LTC,32.6500015258789,32.8199996948242,24.6668128967285,32.580001831054695,32.8199996948242,80900,2012-12-06
19664299,LTC,32.9300003051758,33.029998779296896,24.824644088745103,32.689998626709,33.189998626709,83500,2012-12-07
19664311,LTC,33.0900001525879,33.310001373291,25.035081863403303,33.029998779296896,33.3800010681152,147400,2012-12-10
19664313,LTC,33.5,33.5900001525879,25.2455234527588,33.3499984741211,33.8899993896484,154300,2012-12-11
19664326,LTC,33.5999984741211,33.080001831054695,24.8622169494629,32.919998168945305,33.6399993896484,142900,2012-12-12
19664328,LTC,33.029998779296896,32.779998779296896,24.636747360229503,32.669998168945305,33.0900001525879,48400,2012-12-13
19664346,LTC,32.740001678466804,32.6199989318848,24.516502380371104,32.4000015258789,32.8899993896484,180900,2012-12-14
19664348,LTC,32.7299995422363,33.1800003051758,24.937385559082,32.669998168945305,33.279998779296896,155300,2012-12-17
19664366,LTC,33.1500015258789,33.8800010681152,25.4634819030762,33.1300010681152,33.9300003051758,127400,2012-12-18
19664368,LTC,33.7900009155273,34.0,25.67112159729,33.7000007629395,34.259998321533196,130000,2012-12-19
19664384,LTC,34.1199989318848,34.9000015258789,26.3506546020508,33.9599990844727,34.9099998474121,234000,2012-12-20
19664386,LTC,34.9000015258789,34.8600006103516,26.3204555511475,34.6500015258789,35.319999694824205,555200,2012-12-21
19664402,LTC,34.8499984741211,35.029998779296896,26.448806762695302,34.7299995422363,35.0699996948242,116300,2012-12-24
19664404,LTC,35.1100006103516,34.919998168945305,26.3657493591309,34.6500015258789,35.1100006103516,129900,2012-12-26
19664420,LTC,34.8400001525879,34.9599990844727,26.395959854126,34.6800003051758,34.9799995422363,126400,2012-12-27
19664422,LTC,34.8199996948242,34.8499984741211,26.3129024505615,34.7299995422363,35.220001220703104,230100,2012-12-28
19664437,LTC,34.8800010681152,35.189998626709,26.56960105896,34.7099990844727,35.2000007629395,142400,2012-12-31
19664439,LTC,35.8499984741211,35.7999992370605,27.0301723480225,35.6500015258789,36.060001373291,319800,2013-01-02
19664454,LTC,35.939998626709,35.6500015258789,26.9169216156006,35.5800018310547,35.9500007629395,184400,2013-01-03
19664456,LTC,35.8499984741211,36.319999694824205,27.422790527343803,35.7999992370605,36.4199981689453,170800,2013-01-04
19664471,LTC,36.3400001525879,36.2599983215332,27.377496719360398,36.180000305175795,36.8400001525879,175800,2013-01-07
19664473,LTC,36.279998779296896,36.1399993896484,27.28688621521,36.0099983215332,36.319999694824205,125300,2013-01-08
19664488,LTC,36.310001373291,36.3699989318848,27.4605503082275,36.1199989318848,36.4500007629395,103400,2013-01-09
19664490,LTC,36.5099983215332,36.3699989318848,27.4605503082275,36.1699981689453,36.529998779296896,102400,2013-01-10
19664505,LTC,36.4500007629395,36.439998626709,27.513404846191396,36.189998626709,36.6100006103516,229000,2013-01-11
19664507,LTC,36.5099983215332,36.680000305175795,27.6946125030518,36.3899993896484,36.8400001525879,108400,2013-01-14
19664522,LTC,36.77000045776371,36.7599983215332,27.755008697509798,36.5,36.8300018310547,108200,2013-01-15
19664524,LTC,36.75,36.5099983215332,27.5662517547607,36.439998626709,36.75,96900,2013-01-16
19664538,LTC,36.6199989318848,36.6699981689453,27.687059402465803,36.470001220703104,36.72999954223629,122400,2013-01-17
19664540,LTC,36.6399993896484,36.4500007629395,27.6377830505371,36.220001220703104,36.680000305175795,132700,2013-01-18
19664555,LTC,36.529998779296896,36.9099998474121,27.9865703582764,36.4500007629395,36.9099998474121,191600,2013-01-22
19664557,LTC,36.790000915527294,36.7599983215332,27.872825622558604,36.7000007629395,36.9900016784668,134700,2013-01-23
19664571,LTC,36.7599983215332,36.9500007629395,28.016893386840803,36.7599983215332,37.0499992370605,142100,2013-01-24
19664573,LTC,37.0499992370605,36.8499984741211,27.941062927246104,36.77000045776371,37.0999984741211,144400,2013-01-25
19664589,LTC,36.810001373291,37.1100006103516,28.138212203979503,36.810001373291,37.4199981689453,375900,2013-01-28
19664591,LTC,37.2000007629395,37.2599983215332,28.2519454956055,37.1199989318848,37.3400001525879,170400,2013-01-29
19664605,LTC,37.319999694824205,37.180000305175795,28.1912822723389,36.939998626709,37.4099998474121,118900,2013-01-30
19664607,LTC,37.220001220703104,37.2400016784668,28.236774444580103,36.8600006103516,37.3600006103516,148300,2013-01-31
19664623,LTC,37.5099983215332,37.47999954223629,28.418743133544897,37.4000015258789,37.6300010681152,183800,2013-02-01
19664625,LTC,37.5,37.180000305175795,28.1912822723389,37.0999984741211,37.5,150600,2013-02-04
19664638,LTC,37.290000915527294,37.22999954223629,28.2292041778564,37.0499992370605,37.3899993896484,150000,2013-02-05
19664640,LTC,37.040000915527294,37.27000045776371,28.259517669677702,36.8400001525879,37.310001373291,129200,2013-02-06
19664653,LTC,37.3600006103516,37.310001373291,28.2898597717285,37.1599998474121,37.459999084472706,52900,2013-02-07
19664655,LTC,37.4000015258789,37.7400016784668,28.615894317627,37.3800010681152,37.7400016784668,50600,2013-02-08
19664669,LTC,37.75,37.9099998474121,28.7448043823242,37.689998626709,37.9900016784668,64800,2013-02-11
19664671,LTC,38.0,38.1500015258789,28.9267902374268,37.939998626709,38.1500015258789,88300,2013-02-12
19664685,LTC,38.290000915527294,38.2599983215332,29.0101890563965,38.040000915527294,38.290000915527294,149000,2013-02-13
19664687,LTC,38.27000045776371,38.1100006103516,28.896455764770497,38.0499992370605,38.4199981689453,123200,2013-02-14
19664702,LTC,38.180000305175795,38.6300010681152,29.410354614257802,38.1100006103516,38.72999954223629,150200,2013-02-15
19664703,LTC,38.810001373291,38.8499984741211,29.577844619751,38.680000305175795,38.9500007629395,302900,2013-02-19
19664704,LTC,38.9099998474121,38.220001220703104,29.0981960296631,38.180000305175795,39.180000305175795,170600,2013-02-20
19664705,LTC,38.310001373291,38.459999084472706,29.2809162139893,37.5099983215332,38.6399993896484,147800,2013-02-21
19664707,LTC,38.8600006103516,38.779998779296896,29.524559020996104,38.6100006103516,38.9900016784668,105300,2013-02-22
19664708,LTC,39.0900001525879,38.310001373291,29.166719436645497,38.2599983215332,39.0900001525879,106900,2013-02-25
19664724,LTC,38.5499992370605,38.720001220703104,29.4788646697998,38.4000015258789,38.7999992370605,170500,2013-02-26
19664725,LTC,38.75,38.75,29.5017032623291,38.7000007629395,38.9099998474121,196200,2013-02-27
19664726,LTC,38.6399993896484,38.569999694824205,29.364665985107397,38.5499992370605,38.8300018310547,313600,2013-02-28
19664728,LTC,38.470001220703104,39.0499992370605,29.730110168457,38.470001220703104,39.1500015258789,174700,2013-03-01
19664729,LTC,39.0,39.279998779296896,29.905214309692397,38.7599983215332,39.3800010681152,176400,2013-03-04
19664730,LTC,39.430000305175795,39.6199989318848,30.164072036743196,39.2599983215332,39.680000305175795,110700,2013-03-05
19664747,LTC,39.790000915527294,39.5800018310547,30.133611679077102,39.4099998474121,39.8699989318848,66500,2013-03-06
19664749,LTC,39.689998626709,39.470001220703104,30.049871444702102,39.3699989318848,39.689998626709,57500,2013-03-07
19664766,LTC,39.5499992370605,39.3600006103516,29.966127395629897,39.189998626709,39.6699981689453,129800,2013-03-08
19664768,LTC,39.27000045776371,39.459999084472706,30.0422420501709,39.25,39.459999084472706,49500,2013-03-11
19664785,LTC,39.459999084472706,39.2999992370605,29.9204425811768,39.0499992370605,39.4900016784668,61200,2013-03-12
19664787,LTC,39.310001373291,39.3800010681152,29.9813423156738,39.1300010681152,39.430000305175795,62400,2013-03-13
19664805,LTC,39.4099998474121,39.810001373291,30.3087348937988,39.4099998474121,39.810001373291,75600,2013-03-14
19664806,LTC,39.790000915527294,39.6500015258789,30.186902999877898,39.319999694824205,39.790000915527294,211200,2013-03-15
19664808,LTC,39.5,39.4900016784668,30.1830863952637,39.3800010681152,39.6300010681152,96200,2013-03-18
19664824,LTC,39.529998779296896,39.060001373291,29.854455947876,38.9500007629395,39.6300010681152,120800,2013-03-19
19664826,LTC,39.3300018310547,39.27000045776371,30.014934539794897,39.1100006103516,39.3499984741211,60000,2013-03-20
19664841,LTC,39.220001220703104,38.9900016784668,29.8009300231934,38.97999954223629,39.430000305175795,113000,2013-03-21
19664842,LTC,39.2000007629395,39.27000045776371,30.014934539794897,39.0499992370605,39.3600006103516,145900,2013-03-22
19664844,LTC,39.4099998474121,39.6500015258789,30.305383682251,39.3699989318848,39.8499984741211,189100,2013-03-25
19664859,LTC,39.810001373291,39.9500007629395,30.53466796875,39.4199981689453,39.97999954223629,160100,2013-03-26
19664860,LTC,39.819999694824205,40.459999084472706,30.924484252929698,39.77000045776371,40.47999954223629,131100,2013-03-27
19664862,LTC,40.6399993896484,40.72999954223629,31.130855560302702,40.22999954223629,40.7999992370605,186100,2013-03-28
19664876,LTC,40.7000007629395,40.77000045776371,31.1614284515381,40.3300018310547,40.959999084472706,104700,2013-04-01
19664878,LTC,41.0099983215332,41.72999954223629,31.8951759338379,40.9500007629395,42.459999084472706,318700,2013-04-02
19664892,LTC,41.8600006103516,41.8300018310547,31.971599578857397,41.680000305175795,42.069999694824205,187600,2013-04-03
19664894,LTC,41.9500007629395,42.4199981689453,32.4225463867188,41.9500007629395,42.459999084472706,197100,2013-04-04
19664908,LTC,41.939998626709,42.72999954223629,32.659496307373,41.939998626709,42.7999992370605,119000,2013-04-05
19664910,LTC,42.8800010681152,42.970001220703104,32.8429298400879,42.430000305175795,43.029998779296896,124500,2013-04-08
19664924,LTC,43.0,43.5999984741211,33.3244438171387,42.9900016784668,43.6100006103516,209500,2013-04-09
19664926,LTC,43.7999992370605,44.310001373290994,33.8671226501465,43.5,44.4300003051758,220000,2013-04-10
19664939,LTC,44.2400016784668,43.810001373290994,33.4849662780762,43.439998626709006,44.4300003051758,464400,2013-04-11
19664941,LTC,43.4799995422363,43.439998626709006,33.2021636962891,42.939998626709,43.6399993896484,306800,2013-04-12
19664956,LTC,43.2999992370605,42.220001220703104,32.2696952819824,42.0099983215332,43.4300003051758,251000,2013-04-15
19664958,LTC,42.569999694824205,43.4900016784668,33.2403793334961,42.220001220703104,43.540000915527294,244600,2013-04-16
19664973,LTC,43.1800003051758,43.4500007629395,33.2098197937012,42.790000915527294,43.630001068115206,183500,2013-04-17
19664975,LTC,43.459999084472706,43.470001220703104,33.344024658203104,43.0099983215332,43.6800003051758,221400,2013-04-18
19664991,LTC,43.470001220703104,44.619998931884794,34.2261543273926,43.470001220703104,44.6800003051758,140200,2013-04-19
19664993,LTC,44.880001068115206,45.0999984741211,34.5943450927734,44.3199996948242,45.290000915527294,147700,2013-04-22
19665009,LTC,45.3600006103516,45.560001373290994,34.947189331054695,45.25,46.130001068115206,208400,2013-04-23
19665011,LTC,45.689998626709006,45.7599983215332,35.100612640380895,45.4000015258789,45.8199996948242,92200,2013-04-24
19665057,LTC,45.970001220703104,45.8400001525879,35.161956787109396,45.540000915527294,46.2400016784668,107100,2013-04-25
19665059,LTC,45.869998931884794,45.5699996948242,34.9548683166504,45.310001373290994,45.970001220703104,253900,2013-04-26
19665074,LTC,45.83000183105471,46.220001220703104,35.453464508056605,45.7000007629395,46.41999816894529,116000,2013-04-29
19665076,LTC,46.41999816894529,46.5,35.6682357788086,45.880001068115206,46.7599983215332,165600,2013-04-30
19665095,LTC,46.5099983215332,45.689998626709006,35.046920776367195,45.6800003051758,46.7000007629395,193600,2013-05-01
19665097,LTC,45.959999084472706,46.0999984741211,35.3614044189453,45.7599983215332,46.2599983215332,175300,2013-05-02
19665110,LTC,45.2000007629395,45.7999992370605,35.1312866210938,44.9300003051758,45.83000183105471,2565900,2013-05-03
19665112,LTC,45.7999992370605,46.4300003051758,35.614540100097706,45.709999084472706,46.689998626709006,271600,2013-05-06
19665127,LTC,46.6599998474121,46.470001220703104,35.6452140808105,46.3199996948242,46.83000183105471,226100,2013-05-07
19665129,LTC,46.3199996948242,46.08000183105471,35.3460693359375,45.75,46.459999084472706,210000,2013-05-08
19665145,LTC,46.1599998474121,45.8499984741211,35.1696434020996,45.6399993896484,46.279998779296896,230500,2013-05-09
19665147,LTC,45.959999084472706,46.689998626709006,35.81396484375,45.9099998474121,46.709999084472706,333600,2013-05-10
19665162,LTC,46.540000915527294,46.209999084472706,35.44578170776371,45.7599983215332,46.58000183105471,290500,2013-05-13
19665164,LTC,46.209999084472706,46.9300003051758,35.998054504394496,46.1500015258789,46.9300003051758,245200,2013-05-14
19665178,LTC,46.7299995422363,47.790000915527294,36.6577262878418,46.7000007629395,47.8499984741211,234900,2013-05-15
19665180,LTC,47.689998626709006,47.3600006103516,36.32789993286129,47.1500015258789,48.0099983215332,124000,2013-05-16
19665194,LTC,47.6500015258789,47.4300003051758,36.3815879821777,47.1399993896484,47.6500015258789,167200,2013-05-17
19665196,LTC,47.439998626709006,47.8199996948242,36.6807403564453,47.439998626709006,47.8499984741211,134200,2013-05-20
19665210,LTC,47.7999992370605,48.16999816894529,37.069366455078104,47.4799995422363,48.209999084472706,117000,2013-05-21
19665212,LTC,48.3199996948242,46.540000915527294,35.815010070800795,46.2299995422363,48.689998626709006,131600,2013-05-22
19665228,LTC,45.880001068115206,45.6800003051758,35.153186798095696,45.029998779296896,45.9000015258789,212300,2013-05-23
19665230,LTC,45.41999816894529,44.9000015258789,34.5529251098633,44.6800003051758,45.41999816894529,217200,2013-05-24
19665245,LTC,45.2700004577637,44.470001220703104,34.222019195556605,43.959999084472706,46.130001068115206,249600,2013-05-28
19665247,LTC,44.4000015258789,42.8699989318848,32.9907379150391,42.6599998474121,44.4000015258789,267600,2013-05-29
19665261,LTC,42.8499984741211,42.6199989318848,32.7983436584473,42.459999084472706,43.130001068115206,129400,2013-05-30
19665263,LTC,42.4900016784668,41.6100006103516,32.021106719970696,41.47999954223629,42.6699981689453,591900,2013-05-31
19665278,LTC,41.6300010681152,42.2599983215332,32.5213088989258,41.459999084472706,42.47999954223629,296400,2013-06-03
19665280,LTC,42.430000305175795,41.8600006103516,32.2134857177734,41.8499984741211,42.430000305175795,226800,2013-06-04
19665300,LTC,41.8899993896484,41.5099983215332,31.944147109985398,41.1300010681152,42.0099983215332,161300,2013-06-05
19665302,LTC,41.540000915527294,42.5999984741211,32.782966613769496,41.2400016784668,42.5999984741211,140100,2013-06-06
19665345,LTC,42.6100006103516,41.8699989318848,32.221183776855504,41.459999084472706,42.8899993896484,115700,2013-06-07
19665347,LTC,42.029998779296896,41.8300018310547,32.1903953552246,41.47999954223629,42.029998779296896,105800,2013-06-10
19665363,LTC,41.4199981689453,41.0,31.5516700744629,40.8899993896484,41.709999084472706,121000,2013-06-11
19665365,LTC,41.220001220703104,39.77000045776371,30.605131149292003,39.6399993896484,41.2400016784668,256300,2013-06-12
19665380,LTC,39.6399993896484,40.439998626709,31.1207160949707,39.5,40.75,217300,2013-06-13
19665382,LTC,40.5,40.4000015258789,31.089923858642603,39.970001220703104,41.029998779296896,147900,2013-06-14
19665397,LTC,40.680000305175795,40.439998626709,31.1207160949707,40.1199989318848,40.8800010681152,100200,2013-06-17
19665399,LTC,40.3400001525879,41.4000015258789,31.9820671081543,40.1300010681152,41.470001220703104,178000,2013-06-18
19665414,LTC,41.459999084472706,39.6399993896484,30.6224536895752,39.6100006103516,41.5099983215332,102100,2013-06-19
19665416,LTC,38.8800010681152,37.040000915527294,28.613916397094698,36.819999694824205,39.1699981689453,302000,2013-06-20
19665431,LTC,37.2400016784668,37.27000045776371,28.7915935516357,36.959999084472706,37.810001373291,393400,2013-06-21
19665433,LTC,37.0999984741211,36.8699989318848,28.4825973510742,36.1199989318848,37.3899993896484,296000,2013-06-24
19665449,LTC,37.310001373291,37.9099998474121,29.286001205444304,36.9099998474121,38.069999694824205,187600,2013-06-25
19665451,LTC,38.2000007629395,38.1300010681152,29.4559478759766,37.7400016784668,38.6399993896484,144100,2013-06-26
19665466,LTC,38.4000015258789,39.3699989318848,30.4138622283936,38.27000045776371,39.4199981689453,140200,2013-06-27
19665468,LTC,39.290000915527294,39.0499992370605,30.1666831970215,39.029998779296896,39.470001220703104,766000,2013-06-28
19665482,LTC,39.430000305175795,39.310001373291,30.3675231933594,39.060001373291,39.52000045776371,172400,2013-07-01
19665484,LTC,39.3400001525879,39.97999954223629,30.885118484497102,39.2999992370605,40.0999984741211,147600,2013-07-02
19665500,LTC,39.7000007629395,38.8800010681152,30.035341262817397,38.720001220703104,39.8300018310547,103800,2013-07-03
19665502,LTC,39.279998779296896,38.930000305175795,30.0739765167236,37.8400001525879,39.4099998474121,139900,2013-07-05
19665517,LTC,38.970001220703104,39.040000915527294,30.1589431762695,38.790000915527294,39.2599983215332,112100,2013-07-08
19665519,LTC,39.2000007629395,39.6300010681152,30.614721298217802,38.720001220703104,39.72999954223629,98100,2013-07-09
19665534,LTC,39.5,40.0999984741211,30.9778270721436,39.4099998474121,40.209999084472706,146100,2013-07-10
19665536,LTC,40.5999984741211,41.279998779296896,31.889368057251,40.569999694824205,41.3499984741211,142000,2013-07-11
19665549,LTC,41.220001220703104,40.819999694824205,31.5340194702148,40.4900016784668,41.3499984741211,148300,2013-07-12
19665551,LTC,40.77000045776371,41.1199989318848,31.765756607055696,40.680000305175795,41.279998779296896,125500,2013-07-15
19665565,LTC,41.02000045776371,41.1100006103516,31.758056640625,40.970001220703104,41.310001373291,125900,2013-07-16
19665567,LTC,41.3800010681152,41.2400016784668,31.8584823608398,41.040000915527294,41.709999084472706,80100,2013-07-17
19665581,LTC,41.430000305175795,41.569999694824205,32.1134071350098,41.1500015258789,41.8400001525879,91400,2013-07-18
19665583,LTC,41.25,40.959999084472706,31.7606201171875,40.72999954223629,41.2999992370605,119900,2013-07-19
19665598,LTC,40.9000015258789,40.52000045776371,31.4194221496582,40.290000915527294,41.1399993896484,127100,2013-07-22
19665600,LTC,40.529998779296896,40.5499992370605,31.4426803588867,40.189998626709,40.680000305175795,275800,2013-07-23
19665613,LTC,40.7999992370605,39.470001220703104,30.6052417755127,39.3699989318848,40.7999992370605,111100,2013-07-24
19665615,LTC,39.47999954223629,39.7400016784668,30.8146152496338,39.279998779296896,39.9500007629395,127800,2013-07-25
19665630,LTC,39.5499992370605,39.75,30.8223552703857,39.5499992370605,40.069999694824205,87700,2013-07-26
19665632,LTC,39.720001220703104,39.3600006103516,30.519952774047898,39.2599983215332,39.939998626709,70400,2013-07-29
19665647,LTC,39.569999694824205,39.290000915527294,30.4656658172607,39.0499992370605,39.7999992370605,72100,2013-07-30
19665649,LTC,39.3600006103516,38.6699981689453,29.9849128723145,38.279998779296896,39.3600006103516,114500,2013-07-31
19665665,LTC,38.9099998474121,37.3899993896484,28.992406845092802,37.279998779296896,39.060001373291,156000,2013-08-01
19665667,LTC,37.4199981689453,37.560001373291,29.124219894409197,37.4199981689453,37.779998779296896,91500,2013-08-02
19665682,LTC,37.5099983215332,37.819999694824205,29.3258171081543,37.5099983215332,37.8899993896484,69100,2013-08-05
19665684,LTC,37.779998779296896,38.0,29.465393066406197,37.5800018310547,38.0499992370605,96100,2013-08-06
19665700,LTC,38.0,37.4900016784668,29.069936752319304,37.439998626709,38.060001373291,93800,2013-08-07
19665702,LTC,37.4900016784668,37.5900001525879,29.147474288940398,37.0,37.8300018310547,81200,2013-08-08
19665717,LTC,37.3800010681152,38.4199981689453,29.7910690307617,37.3800010681152,38.569999694824205,69000,2013-08-09
19665719,LTC,38.5800018310547,38.9000015258789,30.163267135620103,38.430000305175795,39.8600006103516,151200,2013-08-12
19665734,LTC,38.8600006103516,38.0800018310547,29.5274257659912,37.930000305175795,38.8899993896484,72500,2013-08-13
19665736,LTC,37.8600006103516,37.5800018310547,29.1397266387939,37.470001220703104,38.0,82800,2013-08-14
19665752,LTC,37.1399993896484,36.4000015258789,28.224744796752898,36.25,37.2000007629395,92400,2013-08-15
19665754,LTC,36.180000305175795,35.1100006103516,27.2244682312012,34.9599990844727,36.180000305175795,113500,2013-08-16
19665769,LTC,35.169998168945305,34.4500007629395,26.712709426879897,34.4300003051758,35.209999084472706,115400,2013-08-19
19665771,LTC,34.419998168945305,35.029998779296896,27.285211563110398,34.2999992370605,35.1399993896484,119000,2013-08-20
19665786,LTC,34.5999984741211,35.1599998474121,27.3864669799805,34.4000015258789,35.540000915527294,139000,2013-08-21
19665788,LTC,35.3499984741211,35.8800010681152,27.947275161743196,35.0900001525879,35.939998626709,87700,2013-08-22
19665801,LTC,35.9199981689453,36.3600006103516,28.3211517333984,35.720001220703104,36.3600006103516,74500,2013-08-23
19665803,LTC,36.459999084472706,36.040000915527294,28.071903228759798,35.7599983215332,36.459999084472706,97600,2013-08-26
19665818,LTC,35.7000007629395,36.069999694824205,28.095275878906197,35.5999984741211,36.4199981689453,92800,2013-08-27
19665820,LTC,36.1500015258789,35.4000015258789,27.5734004974365,35.3400001525879,36.25,102900,2013-08-28
19665834,LTC,35.3800010681152,36.0,28.0407600402832,35.169998168945305,36.0099983215332,109000,2013-08-29
19665836,LTC,36.0800018310547,35.430000305175795,27.596778869628896,35.22999954223629,36.27000045776371,163300,2013-08-30
19665851,LTC,35.819999694824205,35.1399993896484,27.370872497558604,34.8199996948242,35.819999694824205,119700,2013-09-03
19665853,LTC,35.220001220703104,35.439998626709,27.6045608520508,34.7999992370605,35.529998779296896,133300,2013-09-04
19665868,LTC,35.5,35.3800010681152,27.5578231811523,35.2400016784668,35.569999694824205,178900,2013-09-05
19665870,LTC,35.72999954223629,35.8899993896484,27.9550666809082,35.52000045776371,36.319999694824205,88800,2013-09-06
19665884,LTC,35.9099998474121,36.7400016784668,28.6171379089355,35.680000305175795,36.7400016784668,87400,2013-09-09
19665886,LTC,36.819999694824205,36.220001220703104,28.2121200561523,36.0,36.9000015258789,131800,2013-09-10
19665899,LTC,36.180000305175795,36.3400001525879,28.3055744171143,35.8499984741211,36.8400001525879,150300,2013-09-11
19665901,LTC,36.5,36.1399993896484,28.149789810180696,36.1100006103516,36.5900001525879,58800,2013-09-12
19665915,LTC,36.319999694824205,36.8300018310547,28.6872482299805,36.189998626709,36.8300018310547,86700,2013-09-13
19665917,LTC,37.5900001525879,37.1599998474121,28.9442844390869,36.939998626709,37.9099998474121,86700,2013-09-16
19665933,LTC,37.1399993896484,37.2000007629395,28.975435256957997,36.97999954223629,37.439998626709,90500,2013-09-17
19665935,LTC,36.930000305175795,38.459999084472706,30.0822048187256,36.4000015258789,38.47999954223629,107500,2013-09-18
19665950,LTC,38.459999084472706,38.439998626709,30.0665550231934,38.2000007629395,38.9900016784668,90000,2013-09-19
19665952,LTC,38.5900001525879,37.8600006103516,29.6128997802734,37.5,38.7400016784668,213400,2013-09-20
19665967,LTC,37.790000915527294,38.0800018310547,29.784967422485398,37.7599983215332,38.310001373291,92100,2013-09-23
19665969,LTC,38.069999694824205,37.77000045776371,29.5425109863281,37.6199989318848,38.3699989318848,105200,2013-09-24
19665984,LTC,37.720001220703104,37.6399993896484,29.440818786621104,37.290000915527294,37.959999084472706,101900,2013-09-25
19665986,LTC,37.6399993896484,38.040000915527294,29.753698348999,37.4000015258789,38.069999694824205,76100,2013-09-26
19666001,LTC,37.779998779296896,38.1300010681152,29.8240966796875,37.6100006103516,38.279998779296896,75100,2013-09-27
19666003,LTC,37.810001373291,37.97999954223629,29.7067699432373,37.52000045776371,38.3300018310547,180800,2013-09-30
19666018,LTC,38.0900001525879,39.220001220703104,30.676664352417003,37.790000915527294,39.75,295700,2013-10-01
19666020,LTC,39.0099983215332,38.810001373291,30.3559761047363,38.470001220703104,39.3600006103516,94800,2013-10-02
19666036,LTC,38.7999992370605,37.959999084472706,29.6911277770996,37.5800018310547,38.7999992370605,116800,2013-10-03
19666038,LTC,37.8600006103516,37.2999992370605,29.1748924255371,37.220001220703104,38.02000045776371,95700,2013-10-04
19666054,LTC,37.029998779296896,37.220001220703104,29.1123123168945,36.7400016784668,37.5,113200,2013-10-07
19666056,LTC,37.1199989318848,36.540000915527294,28.5804386138916,36.52000045776371,37.2400016784668,143100,2013-10-08
19666071,LTC,36.6599998474121,36.7999992370605,28.783803939819304,36.52000045776371,37.180000305175795,134100,2013-10-09
19666073,LTC,37.1699981689453,37.8499984741211,29.605079650878896,37.1699981689453,37.8499984741211,200000,2013-10-10
19666088,LTC,37.7000007629395,37.970001220703104,29.6989440917969,37.439998626709,38.0499992370605,164200,2013-10-11
19666090,LTC,37.779998779296896,38.02000045776371,29.738050460815398,37.5800018310547,38.0900001525879,140100,2013-10-14
19666106,LTC,37.8499984741211,37.8800010681152,29.6285552978516,37.6599998474121,38.1399993896484,107100,2013-10-15
19666108,LTC,38.029998779296896,38.459999084472706,30.0822048187256,37.689998626709,38.6699981689453,115800,2013-10-16
19666123,LTC,38.4000015258789,38.9900016784668,30.4967441558838,38.4000015258789,39.060001373291,139100,2013-10-17
19666125,LTC,39.3499984741211,39.02000045776371,30.520221710205103,38.75,39.6199989318848,146100,2013-10-18
19666139,LTC,38.8800010681152,38.569999694824205,30.3002605438232,38.3499984741211,39.060001373291,90000,2013-10-21
19666141,LTC,38.8600006103516,39.1100006103516,30.7244815826416,38.720001220703104,39.290000915527294,79200,2013-10-22
19666155,LTC,39.0,39.810001373291,31.2743988037109,38.689998626709,39.8400001525879,189400,2013-10-23
19666157,LTC,39.810001373291,40.0900001525879,31.494356155395497,39.810001373291,40.3800010681152,161800,2013-10-24
19666171,LTC,40.290000915527294,40.189998626709,31.5729026794434,39.9099998474121,40.680000305175795,205300,2013-10-25
19666173,LTC,40.220001220703104,40.180000305175795,31.5650691986084,39.5,40.5099983215332,139800,2013-10-28
19666188,LTC,40.209999084472706,40.1199989318848,31.5179061889648,39.72999954223629,40.3300018310547,59000,2013-10-29
19666190,LTC,40.279998779296896,39.720001220703104,31.2036819458008,39.6500015258789,40.279998779296896,67800,2013-10-30
19666205,LTC,39.709999084472706,39.4500007629395,30.991573333740202,39.310001373291,39.9199981689453,112600,2013-10-31
19666207,LTC,39.3699989318848,39.560001373291,31.077989578247102,39.1199989318848,39.8400001525879,161400,2013-11-01
19666222,LTC,39.5499992370605,39.6300010681152,31.1329727172852,39.209999084472706,39.9500007629395,126800,2013-11-04
19666224,LTC,39.77000045776371,38.8300018310547,30.5045223236084,38.6500015258789,40.5800018310547,97300,2013-11-05
19666240,LTC,38.970001220703104,38.9900016784668,30.630201339721697,38.680000305175795,39.3899993896484,140700,2013-11-06
19666242,LTC,39.2000007629395,38.8499984741211,30.520215988159197,38.5,39.2999992370605,225000,2013-11-07
19666257,LTC,38.72999954223629,38.4199981689453,30.1824131011963,37.9099998474121,38.75,208300,2013-11-08
19666259,LTC,38.290000915527294,38.25,30.048883438110398,38.0900001525879,38.52000045776371,106300,2013-11-11
19666274,LTC,38.22999954223629,38.560001373291,30.292404174804698,38.0499992370605,38.6100006103516,134700,2013-11-12
19666276,LTC,38.4000015258789,38.7999992370605,30.4809379577637,38.1300010681152,38.8699989318848,122800,2013-11-13
19666291,LTC,38.9000015258789,39.0,30.6380596160889,38.790000915527294,39.209999084472706,81700,2013-11-14
19666293,LTC,38.9199981689453,38.9000015258789,30.559509277343803,38.47999954223629,39.180000305175795,149700,2013-11-15
19666308,LTC,39.0,38.8699989318848,30.5359268188477,38.5499992370605,39.2000007629395,132600,2013-11-18
19666310,LTC,38.75,38.720001220703104,30.5517196655273,38.459999084472706,39.310001373291,187100,2013-11-19
19666324,LTC,38.7599983215332,38.3499984741211,30.2597732543945,38.060001373291,39.3400001525879,231300,2013-11-20
19666326,LTC,38.5499992370605,38.689998626709,30.528034210205103,38.3499984741211,39.02000045776371,143200,2013-11-21
19666342,LTC,38.790000915527294,38.529998779296896,30.4017906188965,38.029998779296896,38.790000915527294,177000,2013-11-22
19666344,LTC,38.540000915527294,38.2999992370605,30.2203254699707,38.180000305175795,38.5800018310547,110000,2013-11-25
19666359,LTC,38.3800010681152,38.220001220703104,30.1571922302246,38.029998779296896,38.709999084472706,180400,2013-11-26
19666361,LTC,38.3400001525879,38.6100006103516,30.4649219512939,38.1300010681152,38.779998779296896,223400,2013-11-27
19666376,LTC,38.819999694824205,38.5099983215332,30.386014938354503,38.25,38.8899993896484,85700,2013-11-29
19666378,LTC,38.4099998474121,37.3899993896484,29.5022754669189,37.3600006103516,38.4099998474121,155300,2013-12-02
19666393,LTC,37.3600006103516,37.3699989318848,29.4865074157715,37.2400016784668,37.5900001525879,104700,2013-12-03
19666395,LTC,37.1300010681152,37.3800010681152,29.4944038391113,36.8899993896484,37.8400001525879,135800,2013-12-04
19666409,LTC,37.3600006103516,37.3300018310547,29.454946517944304,37.029998779296896,37.5499992370605,72100,2013-12-05
19666411,LTC,37.819999694824205,37.4199981689453,29.5259647369385,37.2400016784668,37.9000015258789,107400,2013-12-06
19666426,LTC,37.3600006103516,37.3800010681152,29.4944038391113,37.0099983215332,37.4900016784668,118500,2013-12-09
19666428,LTC,37.3899993896484,36.6300010681152,28.9026222229004,36.6300010681152,37.689998626709,182400,2013-12-10
19666444,LTC,36.689998626709,35.4000015258789,27.9320964813232,35.319999694824205,36.790000915527294,186300,2013-12-11
19666446,LTC,35.470001220703104,35.6699981689453,28.145137786865202,34.8800010681152,35.720001220703104,238300,2013-12-12
19666461,LTC,35.7999992370605,36.1599998474121,28.5317764282227,35.459999084472706,36.310001373291,205000,2013-12-13
19666463,LTC,36.209999084472706,36.1399993896484,28.5159854888916,35.8400001525879,36.4900016784668,148200,2013-12-16
19666478,LTC,36.069999694824205,35.6100006103516,28.0977954864502,35.1199989318848,36.2400016784668,211900,2013-12-17
19666480,LTC,35.72999954223629,36.7599983215332,29.0051975250244,35.3899993896484,36.7999992370605,268500,2013-12-18
19666495,LTC,36.430000305175795,35.4099998474121,28.069795608520497,35.4099998474121,36.430000305175795,209800,2013-12-19
19666497,LTC,35.4000015258789,35.1800003051758,27.8874702453613,35.0,35.470001220703104,360600,2013-12-20
19666511,LTC,35.430000305175795,35.4099998474121,28.069795608520497,35.0699996948242,35.4900016784668,257500,2013-12-23
19666513,LTC,35.279998779296896,35.6100006103516,28.228343963623,35.220001220703104,35.7599983215332,75200,2013-12-24
19666528,LTC,35.8400001525879,36.02000045776371,28.5533504486084,35.5900001525879,36.060001373291,199300,2013-12-26
19666530,LTC,36.189998626709,35.3600006103516,28.030158996582,35.1300010681152,36.189998626709,198500,2013-12-27
19666545,LTC,35.27000045776371,35.77000045776371,28.3551731109619,35.27000045776371,35.7999992370605,235900,2013-12-30
19666547,LTC,35.8800010681152,35.3899993896484,28.0539436340332,35.319999694824205,35.9000015258789,213400,2013-12-31
19666562,LTC,35.3400001525879,35.2599983215332,27.950891494751,35.0,35.47999954223629,168100,2014-01-02
19666564,LTC,35.25,35.52000045776371,28.156986236572298,35.2000007629395,35.5900001525879,144200,2014-01-03
19666580,LTC,35.6699981689453,35.1800003051758,27.8874702453613,35.1399993896484,35.819999694824205,188500,2014-01-06
19666582,LTC,35.2000007629395,35.52000045776371,28.156986236572298,35.0999984741211,35.6599998474121,130600,2014-01-07
19666597,LTC,35.4000015258789,35.5499992370605,28.180778503418,34.7700004577637,35.569999694824205,222300,2014-01-08
19666599,LTC,35.5800018310547,35.569999694824205,28.1966285705566,35.1500015258789,35.5999984741211,151100,2014-01-09
19666613,LTC,35.6199989318848,36.0900001525879,28.6088466644287,35.5900001525879,36.1100006103516,128400,2014-01-10
19666615,LTC,36.1699981689453,35.5999984741211,28.220403671264602,35.5499992370605,36.189998626709,248300,2014-01-13
19666630,LTC,35.7999992370605,35.22999954223629,27.927099227905302,35.189998626709,35.7999992370605,217200,2014-01-14
19666632,LTC,35.9900016784668,36.2999992370605,28.7753047943115,35.6500015258789,36.790000915527294,605500,2014-01-15
19666648,LTC,36.3600006103516,36.8400001525879,29.2033615112305,36.3600006103516,37.0999984741211,296800,2014-01-16
19666650,LTC,36.9000015258789,36.310001373291,28.7832355499268,36.290000915527294,36.9199981689453,218500,2014-01-17
19666666,LTC,36.290000915527294,36.709999084472706,29.2371997833252,36.25,36.8499984741211,430500,2014-01-21
19666668,LTC,36.75,36.5499992370605,29.1097774505615,36.470001220703104,36.8400001525879,187300,2014-01-22
19666684,LTC,36.5,36.3699989318848,28.9664154052734,36.279998779296896,36.680000305175795,234300,2014-01-23
19666686,LTC,36.1399993896484,36.459999084472706,29.0380859375,36.0999984741211,36.52000045776371,348300,2014-01-24
19666703,LTC,36.569999694824205,36.8899993896484,29.3805618286133,36.3300018310547,37.25,619400,2014-01-27
19666705,LTC,36.9900016784668,37.3699989318848,29.762845993042003,36.9900016784668,37.709999084472706,317100,2014-01-28
19666722,LTC,37.0900001525879,37.540000915527294,29.898254394531197,37.0,37.75,345100,2014-01-29
19666724,LTC,37.680000305175795,37.9000015258789,30.1849708557129,37.6599998474121,38.470001220703104,286700,2014-01-30
19666742,LTC,37.459999084472706,37.9500007629395,30.224792480468803,37.1599998474121,38.25,246700,2014-01-31
19666744,LTC,37.8699989318848,37.6100006103516,29.953992843627898,37.220001220703104,37.8699989318848,292000,2014-02-03
19666762,LTC,37.8499984741211,37.9099998474121,30.192932128906197,37.560001373291,38.1500015258789,200800,2014-02-04
19666764,LTC,37.75,36.9500007629395,29.4283447265625,36.8400001525879,37.9500007629395,177600,2014-02-05
19666780,LTC,37.0,36.8899993896484,29.3805618286133,36.790000915527294,37.3499984741211,179400,2014-02-06
19666782,LTC,36.9500007629395,36.810001373291,29.3168430328369,36.5999984741211,37.060001373291,166200,2014-02-07
19666798,LTC,36.8600006103516,37.3300018310547,29.730998992919897,36.529998779296896,37.4500007629395,159300,2014-02-10
19666800,LTC,37.279998779296896,37.180000305175795,29.6115283966064,37.029998779296896,37.3400001525879,138600,2014-02-11
19666817,LTC,37.1500015258789,36.810001373291,29.3168430328369,36.7000007629395,37.209999084472706,170700,2014-02-12
19666819,LTC,36.6100006103516,36.3899993896484,28.9823436737061,36.3499984741211,36.8699989318848,281300,2014-02-13
19666836,LTC,36.3800010681152,36.4900016784668,29.0619926452637,36.1300010681152,36.810001373291,314000,2014-02-14
19666838,LTC,36.47999954223629,36.5900001525879,29.278034210205103,36.0800018310547,36.7400016784668,223600,2014-02-18
19666856,LTC,36.4099998474121,36.5499992370605,29.2460250854492,36.310001373291,37.0800018310547,218900,2014-02-19
19666858,LTC,36.5499992370605,36.5,29.206012725830103,36.4099998474121,36.9199981689453,276900,2014-02-20
19666876,LTC,36.5999984741211,36.6599998474121,29.3340377807617,36.189998626709,36.8899993896484,331500,2014-02-21
19666878,LTC,36.8400001525879,37.310001373291,29.8541526794434,36.7999992370605,37.6399993896484,174000,2014-02-24
19666896,LTC,37.2400016784668,37.22999954223629,29.790147781372102,37.1199989318848,37.5800018310547,97200,2014-02-25
19666898,LTC,37.189998626709,37.5800018310547,30.070198059082,37.0900001525879,37.77000045776371,126800,2014-02-26
19666914,LTC,37.529998779296896,37.709999084472706,30.1742210388184,37.3400001525879,37.779998779296896,121100,2014-02-27
19666916,LTC,37.7000007629395,37.680000305175795,30.150218963623,37.4900016784668,37.7999992370605,400500,2014-02-28
19666933,LTC,37.5999984741211,38.430000305175795,30.7503452301025,37.4500007629395,38.439998626709,211500,2014-03-03
19666935,LTC,38.7000007629395,38.9900016784668,31.198419570922898,38.439998626709,39.310001373291,303500,2014-03-04
19666951,LTC,38.8699989318848,38.9199981689453,31.1424045562744,38.529998779296896,39.0499992370605,135600,2014-03-05
19666953,LTC,38.8899993896484,38.3899993896484,30.718322753906197,38.27000045776371,38.9099998474121,104200,2014-03-06
19666971,LTC,38.3499984741211,38.25,30.606319427490202,37.6100006103516,38.439998626709,172700,2014-03-07
19666973,LTC,38.1199989318848,37.97999954223629,30.3902606964111,37.7400016784668,38.439998626709,108400,2014-03-10
19666989,LTC,37.8699989318848,38.1100006103516,30.4942817687988,37.779998779296896,38.220001220703104,144900,2014-03-11
19666991,LTC,38.029998779296896,38.069999694824205,30.4622783660889,37.8800010681152,38.2999992370605,105700,2014-03-12
19667008,LTC,38.0900001525879,38.1100006103516,30.4942817687988,37.569999694824205,38.1399993896484,113300,2014-03-13
19667010,LTC,37.959999084472706,37.930000305175795,30.3502388000488,37.779998779296896,38.3600006103516,108900,2014-03-14
19667026,LTC,38.060001373291,37.97999954223629,30.3902606964111,37.6500015258789,38.279998779296896,162700,2014-03-17
19667028,LTC,37.9500007629395,38.029998779296896,30.4302768707275,37.720001220703104,38.0800018310547,135600,2014-03-18
19667045,LTC,37.8499984741211,37.319999694824205,29.9962425231934,37.0,38.069999694824205,178300,2014-03-19
19667047,LTC,37.1599998474121,37.22999954223629,29.9238986968994,36.8400001525879,37.470001220703104,113900,2014-03-20
19667064,LTC,37.4000015258789,38.02000045776371,30.5588684082031,37.209999084472706,38.060001373291,361000,2014-03-21
19667066,LTC,37.9900016784668,37.3600006103516,30.028392791748,37.3300018310547,38.0,174100,2014-03-24
19667083,LTC,37.470001220703104,37.540000915527294,30.1730632781982,37.3600006103516,37.7999992370605,117300,2014-03-25
19667085,LTC,37.680000305175795,37.029998779296896,29.7631397247314,36.9500007629395,37.680000305175795,168000,2014-03-26
19667103,LTC,36.959999084472706,37.0499992370605,29.7792263031006,36.8499984741211,37.3499984741211,122300,2014-03-27
19667105,LTC,37.0499992370605,37.5099983215332,30.148948669433604,37.0499992370605,37.709999084472706,88100,2014-03-28
19667122,LTC,37.6300010681152,37.6300010681152,30.2454128265381,37.3499984741211,38.0,166700,2014-03-31
19667124,LTC,37.72999954223629,36.689998626709,29.489875793457,36.459999084472706,37.72999954223629,853500,2014-04-01
19667142,LTC,36.7400016784668,37.720001220703104,30.317745208740202,36.7400016784668,37.75,369800,2014-04-02
19667144,LTC,37.7599983215332,37.8800010681152,30.4463405609131,37.25,38.069999694824205,260100,2014-04-03
19667162,LTC,38.069999694824205,37.930000305175795,30.486524581909197,37.75,38.069999694824205,183000,2014-04-04
19667164,LTC,37.9500007629395,38.0800018310547,30.607097625732397,37.779998779296896,38.1699981689453,224100,2014-04-07
19667181,LTC,38.1399993896484,38.22999954223629,30.7276554107666,37.9000015258789,38.3400001525879,168700,2014-04-08
19667183,LTC,38.22999954223629,38.2000007629395,30.703550338745103,37.9199981689453,38.3699989318848,193100,2014-04-09
19667201,LTC,38.180000305175795,38.0499992370605,30.582979202270497,38.0099983215332,38.5800018310547,235900,2014-04-10
19667203,LTC,37.8899993896484,38.22999954223629,30.7276554107666,37.819999694824205,38.540000915527294,230500,2014-04-11
19667220,LTC,38.47999954223629,38.0,30.542800903320302,37.779998779296896,38.47999954223629,129600,2014-04-14
19667222,LTC,38.0099983215332,38.5999984741211,31.0250568389893,37.8300018310547,38.6699981689453,147100,2014-04-15
19667240,LTC,38.72999954223629,38.430000305175795,30.8884124755859,38.2400016784668,38.930000305175795,109700,2014-04-16
19667242,LTC,38.0900001525879,38.1300010681152,30.7834548950195,37.959999084472706,38.22999954223629,210900,2014-04-17
19667259,LTC,38.2599983215332,38.2999992370605,30.9207057952881,37.9900016784668,38.3400001525879,120100,2014-04-21
19667261,LTC,38.2599983215332,38.319999694824205,30.936847686767603,37.9500007629395,38.5099983215332,309000,2014-04-22
19667279,LTC,38.4199981689453,38.529998779296896,31.106386184692397,38.1399993896484,38.680000305175795,178600,2014-04-23
19667281,LTC,38.6500015258789,39.029998779296896,31.5100612640381,38.6100006103516,39.0499992370605,147000,2014-04-24
19667299,LTC,38.8400001525879,38.790000915527294,31.3162956237793,38.75,39.1599998474121,164700,2014-04-25
19667301,LTC,38.930000305175795,39.2400016784668,31.679607391357397,38.790000915527294,39.27000045776371,114700,2014-04-28
19667319,LTC,39.029998779296896,38.430000305175795,31.025659561157198,38.3300018310547,39.029998779296896,184000,2014-04-29
19667321,LTC,38.4000015258789,38.6300010681152,31.187124252319304,38.060001373291,38.6500015258789,185500,2014-04-30
19667338,LTC,38.5800018310547,38.9099998474121,31.413185119628896,38.0499992370605,38.930000305175795,313400,2014-05-01
19667340,LTC,38.8600006103516,39.2000007629395,31.6473083496094,38.6100006103516,39.529998779296896,236900,2014-05-02
19667357,LTC,39.0099983215332,39.279998779296896,31.7118949890137,38.8899993896484,39.3300018310547,129900,2014-05-05
19667359,LTC,39.069999694824205,39.2599983215332,31.695737838745103,38.930000305175795,39.52000045776371,207100,2014-05-06
19667376,LTC,39.209999084472706,39.4199981689453,31.824914932251,38.4000015258789,39.4500007629395,370700,2014-05-07
19667378,LTC,39.2599983215332,39.189998626709,31.6392250061035,38.9099998474121,39.5499992370605,238600,2014-05-08
19667396,LTC,38.970001220703104,39.310001373291,31.7361106872559,38.8800010681152,39.3499984741211,151800,2014-05-09
19667398,LTC,39.470001220703104,39.3699989318848,31.7845478057861,39.069999694824205,39.560001373291,180200,2014-05-12
19667414,LTC,39.2999992370605,39.25,31.687669754028303,39.180000305175795,39.7400016784668,139300,2014-05-13
19667416,LTC,39.2000007629395,39.3400001525879,31.7603321075439,38.97999954223629,39.5499992370605,160500,2014-05-14
19667434,LTC,39.27000045776371,39.4099998474121,31.816837310791,38.810001373291,39.4900016784668,224000,2014-05-15
19667436,LTC,39.4000015258789,39.8499984741211,32.172061920166,39.319999694824205,39.8800010681152,113700,2014-05-16
19667454,LTC,39.75,39.5,31.889503479003896,39.220001220703104,39.8699989318848,166000,2014-05-19
19667456,LTC,39.3499984741211,39.1500015258789,31.7435646057129,38.8400001525879,39.5999984741211,267900,2014-05-20
19667474,LTC,39.180000305175795,38.819999694824205,31.475980758667003,38.5999984741211,39.180000305175795,140100,2014-05-21
19667476,LTC,38.8300018310547,38.9000015258789,31.540851593017603,38.6500015258789,39.0499992370605,161600,2014-05-22
19667494,LTC,39.0099983215332,39.569999694824205,32.084095001220696,39.0,39.5800018310547,111000,2014-05-23
19667496,LTC,39.6399993896484,40.1300010681152,32.5381507873535,39.6399993896484,40.4500007629395,203500,2014-05-27
19667514,LTC,40.029998779296896,39.5800018310547,32.0922012329102,39.3400001525879,40.029998779296896,267400,2014-05-28
19667516,LTC,39.7000007629395,39.439998626709,31.9786777496338,39.319999694824205,39.8499984741211,184700,2014-05-29
19667533,LTC,39.540000915527294,39.7400016784668,32.221954345703104,39.4199981689453,39.8699989318848,150500,2014-05-30
19667535,LTC,39.8600006103516,39.7000007629395,32.189510345459,39.5800018310547,40.029998779296896,124000,2014-06-02
19667552,LTC,39.6300010681152,39.6399993896484,32.140857696533196,39.3800010681152,39.6699981689453,184600,2014-06-03
19667554,LTC,39.6199989318848,39.8699989318848,32.3273429870605,39.430000305175795,39.970001220703104,86200,2014-06-04
19667571,LTC,40.069999694824205,40.72999954223629,33.024650573730504,39.8300018310547,40.8499984741211,189900,2014-06-05
19667573,LTC,40.9500007629395,40.709999084472706,33.0084266662598,40.6100006103516,41.069999694824205,95100,2014-06-06
19667590,LTC,40.72999954223629,40.0499992370605,32.4732856750488,40.0,40.9199981689453,207800,2014-06-09
19667592,LTC,40.0,39.4900016784668,32.019229888916,39.3400001525879,40.1199989318848,162300,2014-06-10
19667610,LTC,39.470001220703104,39.4199981689453,31.962474822998,39.0999984741211,39.709999084472706,96000,2014-06-11
19667612,LTC,39.4000015258789,39.27000045776371,31.840848922729503,38.939998626709,39.4000015258789,71700,2014-06-12
19667630,LTC,39.310001373291,39.3300018310547,31.889503479003896,38.7999992370605,39.3499984741211,81000,2014-06-13
19667632,LTC,39.529998779296896,38.8699989318848,31.5165233612061,38.75,39.529998779296896,125900,2014-06-16
19667650,LTC,38.810001373291,38.680000305175795,31.3624534606934,38.3600006103516,38.8899993896484,177100,2014-06-17
19667652,LTC,38.5,38.720001220703104,31.5334968566895,38.3499984741211,38.790000915527294,85300,2014-06-18
19667670,LTC,38.7400016784668,39.0,31.761516571044897,38.47999954223629,39.040000915527294,105000,2014-06-19
19667672,LTC,39.060001373291,39.4199981689453,32.103561401367195,38.7599983215332,39.4199981689453,239600,2014-06-20
19667689,LTC,39.5800018310547,38.8899993896484,31.6719398498535,38.819999694824205,39.5800018310547,158000,2014-06-23
19667691,LTC,38.75,39.1300010681152,31.8673934936523,38.6399993896484,39.4199981689453,139700,2014-06-24
19667708,LTC,39.029998779296896,38.709999084472706,31.525348663330103,38.569999694824205,39.290000915527294,157600,2014-06-25
19667710,LTC,38.7000007629395,38.7400016784668,31.5497932434082,38.540000915527294,38.8699989318848,107000,2014-06-26
19667728,LTC,38.6699981689453,38.9500007629395,31.720811843872102,38.6699981689453,39.060001373291,869200,2014-06-27
19667730,LTC,39.0,39.040000915527294,31.7941017150879,38.529998779296896,39.0999984741211,181900,2014-06-30
19667747,LTC,39.1100006103516,39.3899993896484,32.0791435241699,38.8800010681152,39.7000007629395,229100,2014-07-01
19667749,LTC,39.290000915527294,38.939998626709,31.712659835815398,38.8800010681152,39.290000915527294,150000,2014-07-02
19667766,LTC,38.939998626709,38.7999992370605,31.598642349243196,38.4500007629395,39.069999694824205,104400,2014-07-03
19667768,LTC,38.8400001525879,38.779998779296896,31.582349777221697,38.7000007629395,39.0,226100,2014-07-07
19667785,LTC,38.8499984741211,38.8699989318848,31.6556415557861,38.7000007629395,39.029998779296896,169800,2014-07-08
19667787,LTC,38.9199981689453,38.930000305175795,31.7045192718506,38.569999694824205,39.060001373291,137000,2014-07-09
19667804,LTC,38.6399993896484,39.209999084472706,31.9325466156006,38.6399993896484,39.3300018310547,134800,2014-07-10
19667806,LTC,39.0800018310547,39.1399993896484,31.875534057617198,38.8800010681152,39.3499984741211,112100,2014-07-11
19667825,LTC,39.310001373291,39.439998626709,32.119861602783196,39.1500015258789,39.5099983215332,143300,2014-07-14
19667827,LTC,39.439998626709,39.220001220703104,31.94069480896,39.0499992370605,39.459999084472706,143100,2014-07-15
19667843,LTC,39.439998626709,39.25,31.965133666992198,39.029998779296896,39.459999084472706,205300,2014-07-16
19667845,LTC,39.1599998474121,39.0499992370605,31.802242279052702,39.0,39.2599983215332,182700,2014-07-17
19667862,LTC,38.9000015258789,39.8400001525879,32.4456176757812,38.9000015258789,39.8699989318848,173600,2014-07-18
19667864,LTC,39.6599998474121,39.5999984741211,32.3883590698242,39.279998779296896,39.6599998474121,77900,2014-07-21
19667882,LTC,39.5800018310547,39.959999084472706,32.6828117370605,39.560001373291,40.3400001525879,163500,2014-07-22
19667884,LTC,39.9500007629395,39.8499984741211,32.592845916748,39.7999992370605,40.0800018310547,63700,2014-07-23
19667902,LTC,39.819999694824205,39.4900016784668,32.2984008789062,39.3499984741211,40.220001220703104,118000,2014-07-24
19667904,LTC,39.27000045776371,39.0900001525879,31.9712352752686,39.060001373291,39.5099983215332,112300,2014-07-25
19667922,LTC,39.220001220703104,39.52000045776371,32.3229484558105,39.209999084472706,39.680000305175795,147200,2014-07-28
19667924,LTC,39.540000915527294,39.3499984741211,32.1838874816895,39.2999992370605,39.5900001525879,187700,2014-07-29
19667941,LTC,39.4199981689453,38.9900016784668,31.889465332031197,38.9199981689453,39.5499992370605,144300,2014-07-30
19667943,LTC,38.6599998474121,38.3300018310547,31.349655151367198,38.3300018310547,38.9099998474121,240100,2014-07-31
19667960,LTC,38.470001220703104,38.7000007629395,31.6522731781006,38.180000305175795,39.0,229100,2014-08-01
19667962,LTC,38.8800010681152,38.72999954223629,31.6768112182617,38.22999954223629,38.8800010681152,189400,2014-08-04
19667979,LTC,38.569999694824205,38.540000915527294,31.5214023590088,38.3499984741211,38.930000305175795,100300,2014-08-05
19667981,LTC,38.4099998474121,38.4000015258789,31.4069004058838,38.22999954223629,38.709999084472706,104000,2014-08-06
19667999,LTC,38.5900001525879,38.790000915527294,31.7258739471436,38.3300018310547,39.27000045776371,173500,2014-08-07
19668001,LTC,38.72999954223629,39.069999694824205,31.9548854827881,38.72999954223629,39.189998626709,164600,2014-08-08
19668018,LTC,39.0499992370605,39.52000045776371,32.3229484558105,39.02000045776371,39.560001373291,165200,2014-08-11
19668020,LTC,39.3300018310547,39.6500015258789,32.4292602539062,39.310001373291,39.7599983215332,222200,2014-08-12
19668038,LTC,39.8400001525879,40.1199989318848,32.813663482666,39.790000915527294,40.319999694824205,99800,2014-08-13
19668040,LTC,40.22999954223629,40.029998779296896,32.740047454834,39.9900016784668,40.4000015258789,91900,2014-08-14
19668057,LTC,40.2999992370605,40.310001373291,32.9690551757812,40.040000915527294,40.4099998474121,192800,2014-08-15
19668059,LTC,40.5499992370605,40.72999954223629,33.3125648498535,40.3300018310547,40.8800010681152,197200,2014-08-18
19668076,LTC,40.680000305175795,40.75,33.468635559081996,40.52000045776371,40.8499984741211,82500,2014-08-19
19668078,LTC,40.6300010681152,40.959999084472706,33.641105651855504,40.2999992370605,40.97999954223629,109300,2014-08-20
19668094,LTC,40.9099998474121,40.6699981689453,33.402908325195305,40.6599998474121,41.1699981689453,118500,2014-08-21
19668096,LTC,40.560001373291,40.25,33.0579681396484,40.25,40.930000305175795,78000,2014-08-22
19668112,LTC,40.2999992370605,40.1699981689453,32.992259979248,40.0,40.5,87900,2014-08-25
19668114,LTC,40.069999694824205,40.430000305175795,33.205802917480504,39.930000305175795,40.4900016784668,70900,2014-08-26
19668132,LTC,40.4000015258789,40.6399993896484,33.3782958984375,40.4000015258789,40.6399993896484,59200,2014-08-27
19668134,LTC,40.6500015258789,40.779998779296896,33.4932632446289,40.5099983215332,40.810001373291,96700,2014-08-28
19668150,LTC,40.8499984741211,40.9500007629395,33.632884979248,40.689998626709,41.0,126900,2014-08-29
19668152,LTC,40.930000305175795,41.1199989318848,33.7725143432617,40.7999992370605,41.25,120300,2014-09-02
19668169,LTC,41.2400016784668,40.8600006103516,33.558986663818395,40.77000045776371,41.25,112600,2014-09-03
19668171,LTC,41.1500015258789,40.6699981689453,33.402908325195305,40.3499984741211,41.1599998474121,185000,2014-09-04
19668187,LTC,40.5,40.959999084472706,33.641105651855504,40.5,41.040000915527294,127600,2014-09-05
19668189,LTC,40.97999954223629,40.790000915527294,33.501472473144496,40.5099983215332,41.02000045776371,164000,2014-09-08
19668206,LTC,40.72999954223629,40.2000007629395,33.0169067382812,40.02000045776371,40.7400016784668,207600,2014-09-09
19668208,LTC,40.1599998474121,40.0999984741211,32.9347801208496,39.680000305175795,40.319999694824205,121000,2014-09-10
19668225,LTC,39.97999954223629,40.430000305175795,33.205802917480504,39.97999954223629,40.5099983215332,127300,2014-09-11
19668227,LTC,40.2999992370605,38.77000045776371,31.842414855957,38.6199989318848,40.4000015258789,218900,2014-09-12
19668244,LTC,38.75,38.5,31.620666503906197,38.3800010681152,38.97999954223629,108200,2014-09-15
19668246,LTC,38.3499984741211,38.77000045776371,31.842414855957,38.3499984741211,39.029998779296896,141000,2014-09-16
19668264,LTC,38.9000015258789,38.709999084472706,31.793140411377,38.5999984741211,38.9900016784668,161200,2014-09-17
19668266,LTC,38.569999694824205,38.27000045776371,31.5704040527344,38.2000007629395,38.6399993896484,148200,2014-09-18
19668281,LTC,38.22999954223629,38.040000915527294,31.3806800842285,38.0099983215332,38.439998626709,291500,2014-09-19
19668283,LTC,38.0,37.819999694824205,31.1991863250732,37.720001220703104,38.1699981689453,126500,2014-09-22
19668299,LTC,37.7999992370605,37.25,30.728961944580103,37.2000007629395,37.9500007629395,134100,2014-09-23
19668301,LTC,37.3800010681152,37.3499984741211,30.8114738464355,37.0499992370605,37.720001220703104,117100,2014-09-24
19668318,LTC,37.3499984741211,37.279998779296896,30.753728866577102,37.060001373291,37.4500007629395,142100,2014-09-25
19668320,LTC,37.2999992370605,37.6599998474121,31.0671901702881,37.1599998474121,37.720001220703104,109000,2014-09-26
19668337,LTC,37.4500007629395,37.3499984741211,30.8114738464355,37.1599998474121,37.5999984741211,143900,2014-09-29
19668339,LTC,37.3899993896484,36.8899993896484,30.431993484497102,36.77000045776371,37.459999084472706,186000,2014-09-30
19668356,LTC,36.9900016784668,36.97999954223629,30.5062370300293,36.7400016784668,37.25,231400,2014-10-01
19668358,LTC,36.7999992370605,37.1100006103516,30.613468170166,36.7999992370605,37.2400016784668,126600,2014-10-02
19668376,LTC,37.4099998474121,37.3800010681152,30.836210250854503,36.8899993896484,37.6199989318848,114700,2014-10-03
19668378,LTC,37.52000045776371,37.680000305175795,31.083692550659197,37.310001373291,37.939998626709,177400,2014-10-06
19668396,LTC,37.6599998474121,37.319999694824205,30.786714553832997,37.319999694824205,37.75,154100,2014-10-07
19668398,LTC,37.3600006103516,37.9000015258789,31.2651805877686,37.319999694824205,37.9900016784668,268800,2014-10-08
19668415,LTC,37.930000305175795,37.790000915527294,31.174442291259798,37.75,38.4199981689453,243400,2014-10-09
19668417,LTC,37.7000007629395,38.290000915527294,31.586917877197298,37.7000007629395,38.6599998474121,154300,2014-10-10
19668434,LTC,38.25,38.560001373291,31.8096485137939,38.209999084472706,38.9500007629395,191100,2014-10-13
19668436,LTC,38.7400016784668,38.959999084472706,32.139617919921896,38.560001373291,39.569999694824205,266300,2014-10-14
19668454,LTC,38.72999954223629,39.0800018310547,32.2386131286621,38.6199989318848,39.2999992370605,226200,2014-10-15
19668456,LTC,38.819999694824205,39.319999694824205,32.4365921020508,38.689998626709,39.529998779296896,172600,2014-10-16
19668472,LTC,39.47999954223629,38.970001220703104,32.147857666015604,38.680000305175795,39.47999954223629,212800,2014-10-17
19668474,LTC,38.9199981689453,39.6199989318848,32.68408203125,38.9199981689453,39.6199989318848,196400,2014-10-20
19668492,LTC,39.560001373291,39.560001373291,32.775218963623,39.2000007629395,39.6300010681152,97800,2014-10-21
19668494,LTC,39.689998626709,39.5900001525879,32.8000679016113,39.5,39.9199981689453,113100,2014-10-22
19668511,LTC,39.8499984741211,40.0099983215332,33.1480369567871,39.6300010681152,40.1199989318848,130900,2014-10-23
19668513,LTC,40.0099983215332,39.9199981689453,33.073474884033196,39.680000305175795,40.0999984741211,133300,2014-10-24
19668530,LTC,39.9199981689453,40.279998779296896,33.3717231750488,39.8800010681152,40.319999694824205,120100,2014-10-27
19668532,LTC,40.27000045776371,40.6300010681152,33.661693572998,40.0499992370605,40.6599998474121,144200,2014-10-28
19668548,LTC,40.529998779296896,40.560001373291,33.6037063598633,40.3899993896484,40.8300018310547,128100,2014-10-29
19668550,LTC,40.4900016784668,41.0800018310547,34.0345268249512,40.470001220703104,41.1500015258789,138300,2014-10-30
19668566,LTC,41.4900016784668,41.939998626709,34.7470169067383,41.069999694824205,42.3899993896484,365800,2014-10-31
19668568,LTC,41.959999084472706,42.3800010681152,35.1115684509277,41.779998779296896,42.4099998474121,190800,2014-11-03
19668586,LTC,42.4199981689453,42.319999694824205,35.061840057373,41.97999954223629,42.560001373291,116200,2014-11-04
19668588,LTC,42.4500007629395,42.0099983215332,34.8050193786621,41.7999992370605,42.6399993896484,121700,2014-11-05
19668605,LTC,42.1399993896484,41.6199989318848,34.4819107055664,41.560001373291,42.25,121800,2014-11-06
19668607,LTC,41.6199989318848,41.779998779296896,34.6144676208496,41.3600006103516,42.0499992370605,127400,2014-11-07
19668624,LTC,41.7999992370605,41.8600006103516,34.6807518005371,41.6599998474121,42.2000007629395,135400,2014-11-10
19668626,LTC,41.819999694824205,41.5900001525879,34.457061767578104,41.529998779296896,41.970001220703104,119200,2014-11-11
19668643,LTC,41.540000915527294,41.3400001525879,34.2499389648438,41.220001220703104,41.5499992370605,105400,2014-11-12
19668645,LTC,41.4500007629395,41.439998626709,34.3327789306641,41.4099998474121,41.970001220703104,114800,2014-11-13
19668662,LTC,41.4000015258789,41.22999954223629,34.1587905883789,41.02000045776371,41.6199989318848,166400,2014-11-14
19668664,LTC,41.0999984741211,41.310001373291,34.2250747680664,41.0999984741211,41.77000045776371,152200,2014-11-17
19668682,LTC,41.279998779296896,41.4500007629395,34.4829711914062,40.9900016784668,41.569999694824205,164700,2014-11-18
19668684,LTC,41.3499984741211,40.6100006103516,33.7841606140137,40.5999984741211,41.3600006103516,92600,2014-11-19
19668701,LTC,40.4000015258789,40.930000305175795,34.050365447998,40.3899993896484,40.959999084472706,101800,2014-11-20
19668703,LTC,41.180000305175795,40.8400001525879,33.975509643554695,40.8300018310547,41.2599983215332,84100,2014-11-21
19668720,LTC,40.970001220703104,41.22999954223629,34.299938201904304,40.939998626709,41.290000915527294,72300,2014-11-24
19668722,LTC,41.319999694824205,41.3499984741211,34.399768829345696,41.1300010681152,41.5,131600,2014-11-25
19668740,LTC,41.4099998474121,41.7400016784668,34.724235534668004,41.3899993896484,41.9900016784668,135800,2014-11-26
19668742,LTC,41.8699989318848,41.790000915527294,34.7658042907715,41.680000305175795,42.3600006103516,91600,2014-11-28
19668759,LTC,41.7999992370605,41.779998779296896,34.757511138916,41.7000007629395,42.1399993896484,132500,2014-12-01
19668761,LTC,41.7000007629395,41.810001373291,34.7824745178223,41.27000045776371,42.0,100200,2014-12-02
19668779,LTC,41.7999992370605,41.7400016784668,34.724235534668004,41.3699989318848,41.9900016784668,106100,2014-12-03
19668781,LTC,41.6300010681152,41.7000007629395,34.6909408569336,41.4099998474121,41.8600006103516,134500,2014-12-04
19668798,LTC,41.52000045776371,41.4099998474121,34.4496917724609,41.1100006103516,41.5999984741211,121100,2014-12-05
19668800,LTC,41.209999084472706,41.75,34.7325477600098,41.209999084472706,42.029998779296896,114600,2014-12-08
19668818,LTC,41.430000305175795,42.3600006103516,35.2400054931641,41.430000305175795,42.4000015258789,142800,2014-12-09
19668820,LTC,42.3499984741211,42.2999992370605,35.190093994140604,42.0099983215332,42.5,128700,2014-12-10
19668836,LTC,42.3699989318848,42.6199989318848,35.456306457519496,42.1300010681152,42.720001220703104,134000,2014-12-11
19668838,LTC,42.22999954223629,42.3600006103516,35.2400054931641,42.209999084472706,42.819999694824205,124300,2014-12-12
19668855,LTC,42.4500007629395,41.22999954223629,34.299938201904304,41.0499992370605,42.52000045776371,159900,2014-12-15
19668857,LTC,41.029998779296896,41.180000305175795,34.2583503723145,40.9000015258789,41.4900016784668,275900,2014-12-16
19668873,LTC,41.27000045776371,41.9199981689453,34.8739738464355,40.1699981689453,42.02000045776371,268500,2014-12-17
19668875,LTC,42.3600006103516,41.779998779296896,34.757511138916,41.47999954223629,42.3600006103516,291600,2014-12-18
19668892,LTC,41.5999984741211,41.72999954223629,34.8577270507812,41.27000045776371,41.97999954223629,798400,2014-12-19
19668894,LTC,41.75,43.2599983215332,36.135772705078104,41.75,43.2700004577637,276200,2014-12-22
19668911,LTC,43.2599983215332,42.6599998474121,35.6345710754395,42.5499992370605,43.4799995422363,116100,2014-12-23
19668913,LTC,42.6500015258789,42.709999084472706,35.6763496398926,42.5900001525879,43.0900001525879,64200,2014-12-24
19668929,LTC,42.8800010681152,43.1500015258789,36.043888092041,42.689998626709,43.1500015258789,68100,2014-12-26
19668931,LTC,43.1399993896484,43.3400001525879,36.202606201171896,43.1100006103516,43.66999816894529,93100,2014-12-29
19668947,LTC,43.4000015258789,44.0499992370605,36.795661926269496,43.2000007629395,44.0900001525879,221600,2014-12-30
19668949,LTC,44.2599983215332,43.16999816894529,36.060585021972706,43.0499992370605,44.4900016784668,135600,2014-12-31
19668966,LTC,43.25,43.5499992370605,36.3780059814453,43.16999816894529,43.709999084472706,126900,2015-01-02
19668968,LTC,43.3400001525879,44.560001373290994,37.2216835021973,43.2400016784668,44.8499984741211,258100,2015-01-05
19668985,LTC,44.6800003051758,45.0,37.5892219543457,44.619998931884794,45.130001068115206,217800,2015-01-06
19668987,LTC,45.0499992370605,45.560001373290994,38.0569953918457,44.5999984741211,45.58000183105471,198900,2015-01-07
19669003,LTC,45.560001373290994,45.4799995422363,37.990180969238295,44.869998931884794,46.0999984741211,392400,2015-01-08
19669005,LTC,45.4000015258789,45.279998779296896,37.8231163024902,44.959999084472706,45.630001068115206,162900,2015-01-09
19669022,LTC,45.279998779296896,46.2000007629395,38.5916137695312,45.209999084472706,46.279998779296896,150100,2015-01-12
19669024,LTC,46.2599983215332,46.3199996948242,38.691825866699205,45.3600006103516,46.91999816894529,282800,2015-01-13
19669042,LTC,46.1399993896484,46.8400001525879,39.12620162963871,46.1399993896484,46.9799995422363,139800,2015-01-14
19669044,LTC,46.8600006103516,46.939998626709006,39.2097206115723,46.5499992370605,47.0999984741211,152000,2015-01-15
19669061,LTC,46.959999084472706,47.9099998474121,40.0199851989746,46.959999084472706,47.959999084472706,127500,2015-01-16
19669063,LTC,47.75,48.029998779296896,40.263111114502,47.4099998474121,48.08000183105471,245900,2015-01-20
19669081,LTC,48.1800003051758,47.83000183105471,40.0954437255859,47.5999984741211,48.1800003051758,256000,2015-01-21
19669083,LTC,48.0,48.310001373290994,40.4978179931641,47.7000007629395,48.4799995422363,195700,2015-01-22
19669101,LTC,48.459999084472706,47.720001220703104,40.003231048584,47.4500007629395,48.470001220703104,195200,2015-01-23
19669103,LTC,47.7000007629395,48.0900001525879,40.3134002685547,47.4300003051758,48.1800003051758,171100,2015-01-26
19669120,LTC,48.0900001525879,48.0999984741211,40.321784973144496,47.959999084472706,48.5699996948242,139100,2015-01-27
19669122,LTC,48.25,47.8600006103516,40.12058639526371,47.790000915527294,48.8499984741211,138400,2015-01-28
19669138,LTC,47.939998626709006,47.91999816894529,40.17087936401371,47.189998626709006,48.040000915527294,135000,2015-01-29
19669140,LTC,47.7700004577637,46.91999816894529,39.3325958251953,46.9000015258789,47.939998626709006,218900,2015-01-30
19669156,LTC,46.779998779296896,46.5200004577637,38.997276306152294,45.7700004577637,46.790000915527294,243100,2015-02-02
19669158,LTC,46.41999816894529,46.630001068115206,39.0894927978516,46.0699996948242,46.8199996948242,241500,2015-02-03
19669188,LTC,46.3899993896484,46.0999984741211,38.6451988220215,45.7299995422363,46.5900001525879,149000,2015-02-04
19669190,LTC,46.0999984741211,46.5200004577637,38.997276306152294,45.8499984741211,46.560001373290994,161700,2015-02-05
19669249,LTC,46.439998626709006,44.810001373290994,37.563804626464794,44.709999084472706,46.439998626709006,249400,2015-02-06
19669251,LTC,44.75,44.459999084472706,37.2704010009766,44.41999816894529,45.2299995422363,158400,2015-02-09
19669271,LTC,44.540000915527294,44.4500007629395,37.2620277404785,43.779998779296896,44.5999984741211,159900,2015-02-10
19669273,LTC,44.4500007629395,44.5699996948242,37.3626098632812,44.029998779296896,44.8600006103516,169000,2015-02-11
19669292,LTC,44.7700004577637,44.7400016784668,37.5051231384277,44.4000015258789,44.9300003051758,104400,2015-02-12
19669294,LTC,44.8600006103516,44.7400016784668,37.5051231384277,44.2599983215332,44.8600006103516,110100,2015-02-13
19669312,LTC,44.75,44.5499992370605,37.48830032348629,44.41999816894529,45.290000915527294,149200,2015-02-17
19669314,LTC,44.6399993896484,45.3400001525879,38.1530647277832,44.1500015258789,45.3400001525879,212300,2015-02-18
19669332,LTC,45.3499984741211,44.369998931884794,37.3368148803711,44.2599983215332,45.3899993896484,124800,2015-02-19
19669334,LTC,44.4300003051758,44.6399993896484,37.5640296936035,44.4300003051758,45.08000183105471,158800,2015-02-20
19669353,LTC,44.720001220703104,45.0900001525879,37.9426879882812,44.5499992370605,45.0999984741211,89700,2015-02-23
19669355,LTC,44.810001373290994,44.119998931884794,37.1264495849609,43.939998626709006,44.810001373290994,131600,2015-02-24
19669371,LTC,44.2400016784668,44.4799995422363,37.429386138916,44.2400016784668,45.0999984741211,129700,2015-02-25
19669373,LTC,44.5999984741211,43.8499984741211,36.899253845214794,43.7599983215332,44.5999984741211,115100,2015-02-26
19669391,LTC,44.5,44.630001068115206,37.555610656738295,43.9900016784668,45.0200004577637,207400,2015-02-27
19669393,LTC,44.810001373290994,44.880001068115206,37.7659797668457,44.6399993896484,45.58000183105471,175900,2015-03-02
19669412,LTC,44.4500007629395,44.16999816894529,37.1685218811035,43.7999992370605,44.7400016784668,194500,2015-03-03
19669414,LTC,44.0499992370605,43.619998931884794,36.7057113647461,43.5099983215332,44.209999084472706,109500,2015-03-04
19669432,LTC,43.7999992370605,43.5999984741211,36.688873291015604,43.5499992370605,44.08000183105471,97500,2015-03-05
19669434,LTC,43.2400016784668,41.6500015258789,35.0479736328125,41.4199981689453,43.4500007629395,248200,2015-03-06
19669450,LTC,41.819999694824205,42.0499992370605,35.3845710754395,41.7000007629395,42.0900001525879,112600,2015-03-09
19669452,LTC,41.819999694824205,42.310001373291,35.603355407714794,41.819999694824205,42.5800018310547,168500,2015-03-10
19669470,LTC,42.27000045776371,42.319999694824205,35.611763000488295,41.819999694824205,42.430000305175795,129100,2015-03-11
19669472,LTC,42.6199989318848,43.4300003051758,36.545825958252,42.47999954223629,43.540000915527294,144800,2015-03-12
19669489,LTC,43.5200004577637,43.08000183105471,36.2513008117676,42.8499984741211,43.5999984741211,114300,2015-03-13
19669491,LTC,43.2700004577637,43.279998779296896,36.4195976257324,43.1399993896484,43.779998779296896,112500,2015-03-16
19669508,LTC,43.290000915527294,43.6399993896484,36.7225341796875,43.0,43.6599998474121,132300,2015-03-17
19669510,LTC,43.689998626709006,44.66999816894529,37.589271545410206,43.1800003051758,44.7400016784668,199400,2015-03-18
19669528,LTC,44.1800003051758,44.58000183105471,37.6568450927734,43.9900016784668,44.790000915527294,125800,2015-03-19
19669530,LTC,44.880001068115206,45.459999084472706,38.4001884460449,44.66999816894529,45.6500015258789,301300,2015-03-20
19669546,LTC,45.470001220703104,45.7000007629395,38.6029090881348,45.3400001525879,46.0699996948242,206900,2015-03-23
19669548,LTC,45.7000007629395,45.459999084472706,38.4001884460449,45.209999084472706,45.8899993896484,153100,2015-03-24
19669565,LTC,45.5699996948242,44.7299995422363,37.7835540771484,44.529998779296896,45.7999992370605,135900,2015-03-25
19669567,LTC,44.7400016784668,44.75,37.8004379272461,44.5499992370605,44.9900016784668,319000,2015-03-26
19669583,LTC,44.8400001525879,45.1399993896484,38.129890441894496,44.5099983215332,45.16999816894529,167500,2015-03-27
19669585,LTC,45.2299995422363,46.0900001525879,38.93235397338871,45.0999984741211,46.16999816894529,175400,2015-03-30
19669603,LTC,46.08000183105471,46.0,38.8563270568848,45.5699996948242,46.4000015258789,211700,2015-03-31
19669605,LTC,46.0699996948242,46.0499992370605,38.8985633850098,45.5699996948242,46.3899993896484,156900,2015-04-01
19669624,LTC,45.9900016784668,46.0900001525879,38.93235397338871,45.9900016784668,46.3899993896484,129500,2015-04-02
19669626,LTC,46.1500015258789,46.7400016784668,39.4813957214355,46.1500015258789,46.9799995422363,123500,2015-04-06
19669731,LTC,46.5699996948242,45.8499984741211,38.729606628418004,45.8400001525879,46.6100006103516,142300,2015-04-07
19669733,LTC,45.8199996948242,45.6599998474121,38.5691146850586,45.529998779296896,46.3400001525879,236400,2015-04-08
19669752,LTC,45.709999084472706,44.880001068115206,37.910251617431605,44.880001068115206,45.83000183105471,141500,2015-04-09
19669754,LTC,45.1100006103516,45.209999084472706,38.189018249511705,44.9799995422363,45.5999984741211,184600,2015-04-10
19669772,LTC,45.220001220703104,45.1100006103516,38.1045265197754,45.0900001525879,45.3600006103516,233900,2015-04-13
19669774,LTC,45.290000915527294,45.2400016784668,38.214363098144496,45.0200004577637,45.439998626709006,263400,2015-04-14
19669791,LTC,45.439998626709006,45.1500015258789,38.1383209228516,44.9000015258789,45.439998626709006,189800,2015-04-15
19669793,LTC,44.9300003051758,45.0900001525879,38.087646484375,44.66999816894529,45.33000183105471,130300,2015-04-16
19669810,LTC,44.880001068115206,44.630001068115206,37.6990928649902,44.560001373290994,45.119998931884794,152300,2015-04-17
19669812,LTC,44.8600006103516,44.4900016784668,37.724514007568395,44.4900016784668,44.959999084472706,220800,2015-04-20
19669830,LTC,44.5,44.1100006103516,37.4022979736328,44.0999984741211,45.08000183105471,328600,2015-04-21
19669832,LTC,44.2299995422363,44.2999992370605,37.5634155273438,44.0200004577637,44.5,165000,2015-04-22
19669850,LTC,44.380001068115206,44.1500015258789,37.4362182617188,44.040000915527294,44.4000015258789,151700,2015-04-23
19669852,LTC,44.310001373290994,44.5099983215332,37.741485595703104,44.1500015258789,44.7000007629395,275000,2015-04-24
19669869,LTC,44.529998779296896,44.5499992370605,37.7753944396973,44.3199996948242,44.9799995422363,288300,2015-04-27
19669871,LTC,44.5499992370605,44.6100006103516,37.82627487182621,44.2599983215332,44.8400001525879,344700,2015-04-28
19669888,LTC,44.2999992370605,44.2400016784668,37.5125389099121,44.0200004577637,44.4900016784668,307200,2015-04-29
19669890,LTC,44.029998779296896,43.459999084472706,36.8511543273926,43.2599983215332,44.3400001525879,436600,2015-04-30
19669906,LTC,43.709999084472706,43.41999816894529,36.8172378540039,43.130001068115206,43.7299995422363,295400,2015-05-01
19669908,LTC,43.5999984741211,42.9799995422363,36.444145202636705,42.939998626709,43.9000015258789,181200,2015-05-04
19669924,LTC,42.8300018310547,41.8800010681152,35.5114135742188,41.540000915527294,43.060001373290994,210800,2015-05-05
19669926,LTC,42.0,41.75,35.4011993408203,41.3600006103516,42.0,148100,2015-05-06
19669943,LTC,41.790000915527294,41.9900016784668,35.6046905517578,41.5499992370605,42.27000045776371,184300,2015-05-07
19669945,LTC,42.459999084472706,42.47999954223629,36.0201759338379,42.3499984741211,43.1399993896484,217300,2015-05-08
19669962,LTC,42.3800010681152,42.0900001525879,35.6894874572754,42.040000915527294,42.7000007629395,119200,2015-05-11
19669964,LTC,42.0499992370605,42.1599998474121,35.748832702636705,41.3600006103516,42.290000915527294,126800,2015-05-12
19669981,LTC,42.430000305175795,42.060001373291,35.6640396118164,42.029998779296896,42.6300010681152,297600,2015-05-13
19669983,LTC,42.0999984741211,42.72999954223629,36.23215866088871,42.060001373291,42.75,152100,2015-05-14
19670000,LTC,42.790000915527294,42.7400016784668,36.240638732910206,42.4900016784668,43.060001373290994,231700,2015-05-15
19670002,LTC,42.6199989318848,42.5,36.0371322631836,42.2599983215332,42.6599998474121,143400,2015-05-18
19670019,LTC,42.310001373291,42.3800010681152,36.0797004699707,42.040000915527294,42.7599983215332,113900,2015-05-19
19670021,LTC,42.3600006103516,42.27000045776371,35.9860610961914,42.1699981689453,42.569999694824205,127600,2015-05-20
19670038,LTC,42.290000915527294,41.8600006103516,35.6370124816895,41.7000007629395,42.3699989318848,130700,2015-05-21
19670040,LTC,41.720001220703104,41.790000915527294,35.5774040222168,41.5499992370605,42.1100006103516,112700,2015-05-22
19670057,LTC,41.7599983215332,41.5900001525879,35.407154083252,41.3400001525879,41.7599983215332,195900,2015-05-26
19670059,LTC,41.7000007629395,42.0900001525879,35.832820892334,41.47999954223629,42.1399993896484,132700,2015-05-27
19670076,LTC,42.060001373291,42.290000915527294,36.003082275390604,41.779998779296896,42.4199981689453,164200,2015-05-28
19670078,LTC,42.3699989318848,42.0900001525879,35.832820892334,41.8899993896484,42.4500007629395,252500,2015-05-29
19670094,LTC,42.1599998474121,42.3800010681152,36.0797004699707,41.9900016784668,42.5800018310547,159900,2015-06-01
19670096,LTC,42.1500015258789,42.2999992370605,36.011589050293004,41.930000305175795,42.430000305175795,212700,2015-06-02
19670112,LTC,42.220001220703104,41.97999954223629,35.7391700744629,41.790000915527294,42.220001220703104,327300,2015-06-03
19670114,LTC,41.959999084472706,41.939998626709,35.7051124572754,41.75,42.1699981689453,260000,2015-06-04
19670131,LTC,41.6100006103516,41.2000007629395,35.075122833252,41.060001373291,41.7000007629395,163900,2015-06-05
19670133,LTC,41.1699981689453,41.0900001525879,34.9814872741699,40.8300018310547,41.4099998474121,156800,2015-06-08
19670150,LTC,41.0499992370605,40.7999992370605,34.734588623046896,40.7000007629395,41.2599983215332,135500,2015-06-09
19670152,LTC,41.0,41.439998626709,35.2794418334961,40.8400001525879,41.6599998474121,165400,2015-06-10
19670169,LTC,41.5800018310547,41.6500015258789,35.458225250244105,41.3699989318848,41.709999084472706,127200,2015-06-11
19670171,LTC,41.5900001525879,41.6599998474121,35.466743469238295,41.459999084472706,41.819999694824205,157200,2015-06-12
19670190,LTC,41.5900001525879,41.5499992370605,35.3730812072754,41.4500007629395,41.75,190000,2015-06-15
19670192,LTC,41.560001373291,42.189998626709,35.917942047119105,41.5099983215332,42.3800010681152,195900,2015-06-16
19670210,LTC,42.4199981689453,42.560001373291,36.2329444885254,42.02000045776371,42.689998626709,173700,2015-06-17
19670212,LTC,42.6500015258789,42.810001373291,36.59193801879879,42.540000915527294,43.0999984741211,226800,2015-06-18
19670230,LTC,42.9099998474121,42.790000915527294,36.574836730956996,42.1599998474121,42.9099998474121,267800,2015-06-19
19670232,LTC,42.8899993896484,42.6399993896484,36.4466323852539,42.6100006103516,43.0099983215332,199000,2015-06-22
19670250,LTC,42.6100006103516,42.319999694824205,36.1731185913086,42.0499992370605,42.6500015258789,290800,2015-06-23
19670253,LTC,42.290000915527294,42.0800018310547,35.9679718017578,41.810001373291,42.3600006103516,295400,2015-06-24
19670269,LTC,42.0999984741211,41.1500015258789,35.173049926757805,41.1199989318848,42.0999984741211,213000,2015-06-25
19670271,LTC,41.0900001525879,41.439998626709,35.420925140380895,40.939998626709,41.5099983215332,237800,2015-06-26
19670289,LTC,41.319999694824205,41.470001220703104,35.446559906005895,41.1599998474121,42.0,457800,2015-06-29
19670291,LTC,41.6699981689453,41.5999984741211,35.557685852050795,41.310001373291,41.8300018310547,415400,2015-06-30
19670308,LTC,41.9500007629395,41.8699989318848,35.78847122192379,41.1699981689453,41.9500007629395,281000,2015-07-01
19670310,LTC,42.1500015258789,42.189998626709,36.061985015869105,41.9099998474121,42.3600006103516,199800,2015-07-02
19670327,LTC,41.9500007629395,42.569999694824205,36.386787414550795,41.9500007629395,42.6399993896484,220700,2015-07-06
19670329,LTC,42.720001220703104,43.25,36.968025207519496,42.7000007629395,43.279998779296896,252400,2015-07-07
19670347,LTC,43.6399993896484,43.7000007629395,37.352668762206996,43.060001373290994,43.7400016784668,313500,2015-07-08
19670349,LTC,43.880001068115206,43.6100006103516,37.27573776245121,43.369998931884794,44.0900001525879,307800,2015-07-09
19670367,LTC,43.7599983215332,44.1800003051758,37.7629508972168,43.2299995422363,44.3899993896484,443100,2015-07-10
19670369,LTC,44.2700004577637,44.1100006103516,37.7031135559082,43.9799995422363,44.7700004577637,236500,2015-07-13
19670386,LTC,44.0900001525879,43.8499984741211,37.480888366699205,43.8499984741211,44.220001220703104,212800,2015-07-14
19670388,LTC,43.779998779296896,43.5499992370605,37.224449157714794,43.4099998474121,43.9000015258789,174000,2015-07-15
19670405,LTC,43.8400001525879,43.83000183105471,37.463783264160206,43.630001068115206,43.970001220703104,214300,2015-07-16
19670407,LTC,43.7599983215332,43.7299995422363,37.37831497192379,43.5900001525879,43.8400001525879,175400,2015-07-17
19670424,LTC,43.7299995422363,43.58000183105471,37.2500991821289,43.540000915527294,43.810001373290994,169600,2015-07-20
19670426,LTC,43.4799995422363,43.220001220703104,37.0870590209961,43.1599998474121,43.689998626709006,159100,2015-07-21
19670443,LTC,43.2700004577637,43.3899993896484,37.23292922973629,43.2599983215332,43.6800003051758,112800,2015-07-22
19670445,LTC,43.529998779296896,42.8300018310547,36.752403259277294,42.6300010681152,43.7999992370605,146700,2015-07-23
19670462,LTC,42.75,43.1599998474121,37.035575866699205,42.680000305175795,43.3600006103516,176400,2015-07-24
19670464,LTC,43.0999984741211,43.0900001525879,36.975502014160206,43.0099983215332,43.5999984741211,95300,2015-07-27
19670480,LTC,43.0,43.0099983215332,36.9068565368652,42.6100006103516,43.2400016784668,186300,2015-07-28
19670482,LTC,42.8899993896484,43.380001068115206,37.2243537902832,42.720001220703104,43.5699996948242,123500,2015-07-29
19670499,LTC,43.33000183105471,43.2999992370605,37.1556968688965,43.119998931884794,43.560001373290994,110700,2015-07-30
19670501,LTC,43.58000183105471,43.869998931884794,37.6448173522949,43.58000183105471,44.1399993896484,147900,2015-07-31
19670518,LTC,43.880001068115206,44.1800003051758,37.910831451416,43.8499984741211,44.209999084472706,193700,2015-08-03
19670520,LTC,44.2400016784668,44.08000183105471,37.825023651123,43.8600006103516,44.4799995422363,160000,2015-08-04
19670537,LTC,44.08000183105471,43.8199996948242,37.6019134521484,43.5099983215332,44.08000183105471,216200,2015-08-05
19670539,LTC,43.7999992370605,43.4900016784668,37.3187408447266,42.709999084472706,43.9099998474121,287200,2015-08-06
19670557,LTC,43.2299995422363,43.279998779296896,37.138542175293004,42.75,43.369998931884794,241900,2015-08-07
19670559,LTC,43.3199996948242,42.819999694824205,36.743812561035206,42.6399993896484,43.6599998474121,172900,2015-08-10
19670577,LTC,42.680000305175795,42.9000015258789,36.8124504089355,42.5800018310547,43.2999992370605,189200,2015-08-11
19670579,LTC,42.7999992370605,42.8300018310547,36.752403259277294,42.4500007629395,42.8699989318848,213300,2015-08-12
19670596,LTC,42.7000007629395,42.7400016784668,36.6751708984375,42.1199989318848,42.9199981689453,323700,2015-08-13
19670598,LTC,42.5999984741211,43.0999984741211,36.9840812683105,42.3899993896484,43.119998931884794,163300,2015-08-14
19670615,LTC,43.060001373290994,43.9500007629395,37.7134780883789,42.9500007629395,43.9500007629395,143800,2015-08-17
19670617,LTC,43.720001220703104,44.130001068115206,37.867927551269496,43.6500015258789,44.1800003051758,103200,2015-08-18
19670634,LTC,43.7000007629395,43.9500007629395,37.859317779541,43.439998626709006,44.16999816894529,104700,2015-08-19
19670636,LTC,43.7999992370605,44.189998626709006,38.066047668456996,43.3199996948242,44.5200004577637,211800,2015-08-20
19670653,LTC,43.6399993896484,44.0099983215332,37.91099166870121,43.4300003051758,44.560001373290994,331300,2015-08-21
19670655,LTC,42.8800010681152,41.6500015258789,35.8780670166016,41.6199989318848,42.970001220703104,403400,2015-08-24
19670671,LTC,42.25,40.9900016784668,35.3095207214355,40.959999084472706,42.4199981689453,283200,2015-08-25
19670673,LTC,41.6100006103516,41.220001220703104,35.507652282714794,40.779998779296896,41.6100006103516,228200,2015-08-26
19670690,LTC,41.5,41.680000305175795,35.9038848876953,41.1699981689453,42.2000007629395,239200,2015-08-27
19670691,LTC,41.6500015258789,41.4500007629395,35.7057685852051,41.2599983215332,41.6500015258789,164800,2015-08-28
19670693,LTC,41.3800010681152,40.790000915527294,35.1372222900391,40.689998626709,41.52000045776371,338300,2015-08-31
19670710,LTC,40.3600006103516,39.779998779296896,34.267200469970696,39.459999084472706,40.790000915527294,320500,2015-09-01
19670711,LTC,40.060001373291,39.9500007629395,34.4136390686035,39.7400016784668,40.4000015258789,286400,2015-09-02
19670713,LTC,40.029998779296896,39.9900016784668,34.4481048583984,39.810001373291,40.209999084472706,128400,2015-09-03
19670729,LTC,39.680000305175795,39.2000007629395,33.767578125,38.8400001525879,39.8400001525879,244500,2015-09-04
19670730,LTC,39.709999084472706,39.540000915527294,34.060470581054695,39.430000305175795,39.8600006103516,146400,2015-09-08
19670732,LTC,39.790000915527294,39.0499992370605,33.6383666992188,39.0099983215332,39.8699989318848,124400,2015-09-09
19670749,LTC,39.040000915527294,38.8899993896484,33.5005493164062,38.6399993896484,39.3400001525879,294200,2015-09-10
19670750,LTC,38.7999992370605,39.3400001525879,33.8881797790527,38.7999992370605,39.470001220703104,576200,2015-09-11
19670752,LTC,39.4099998474121,40.029998779296896,34.4825592041016,39.4099998474121,40.069999694824205,238400,2015-09-14
19670769,LTC,40.310001373291,40.569999694824205,34.947727203369105,39.8800010681152,40.72999954223629,162600,2015-09-15
19670771,LTC,40.5800018310547,40.3499984741211,34.7582130432129,40.27000045776371,40.75,366700,2015-09-16
19670789,LTC,40.3899993896484,41.5099983215332,35.757453918456996,40.189998626709,41.819999694824205,206700,2015-09-17
19670790,LTC,40.939998626709,41.709999084472706,36.077487945556605,40.8800010681152,42.069999694824205,281300,2015-09-18
19670792,LTC,42.4900016784668,42.52000045776371,36.778106689453104,42.3400001525879,43.310001373290994,193300,2015-09-21
19670810,LTC,42.310001373291,42.2999992370605,36.5878105163574,42.189998626709,42.6599998474121,206000,2015-09-22
19670812,LTC,42.5,42.5999984741211,36.8473052978516,42.3499984741211,42.9000015258789,143700,2015-09-23
19670828,LTC,42.5099983215332,42.310001373291,36.596466064453104,42.1500015258789,42.790000915527294,150100,2015-09-24
19670830,LTC,42.4099998474121,42.9099998474121,37.115440368652294,42.2000007629395,43.189998626709006,159300,2015-09-25
19670846,LTC,42.75,42.3300018310547,36.6137733459473,42.040000915527294,42.77000045776371,144200,2015-09-28
19670848,LTC,42.3800010681152,42.6199989318848,36.8646011352539,42.2599983215332,42.779998779296896,138700,2015-09-29
19670865,LTC,42.8600006103516,42.6699981689453,36.9078483581543,42.3400001525879,43.0900001525879,279700,2015-09-30
19670866,LTC,42.77000045776371,42.569999694824205,36.8213539123535,42.439998626709,43.0900001525879,316800,2015-10-01
19670868,LTC,42.4500007629395,42.9500007629395,37.1500358581543,41.970001220703104,42.9500007629395,278700,2015-10-02
19670885,LTC,43.1399993896484,43.709999084472706,37.807403564453104,43.0,43.7599983215332,80800,2015-10-05
19670887,LTC,43.7299995422363,43.4300003051758,37.5652198791504,43.3199996948242,44.0,143200,2015-10-06
19670905,LTC,43.5499992370605,44.2400016784668,38.2658576965332,43.3400001525879,44.439998626709006,223500,2015-10-07
19670906,LTC,44.16999816894529,44.2700004577637,38.291786193847706,43.8400001525879,44.470001220703104,155600,2015-10-08
19670908,LTC,44.279998779296896,43.9500007629395,38.015007019043004,43.6500015258789,44.4900016784668,95900,2015-10-09
19670926,LTC,43.880001068115206,44.33000183105471,38.3436851501465,43.810001373290994,44.6399993896484,144200,2015-10-12
19670928,LTC,44.3199996948242,43.8899993896484,37.96311569213871,43.709999084472706,44.529998779296896,137600,2015-10-13
19670946,LTC,43.880001068115206,43.0999984741211,37.2797737121582,43.040000915527294,44.189998626709006,149600,2015-10-14
19670948,LTC,43.2299995422363,43.369998931884794,37.5133209228516,42.77000045776371,43.369998931884794,225500,2015-10-15
19670966,LTC,43.5099983215332,43.75,37.8420066833496,43.310001373290994,43.9900016784668,136500,2015-10-16
19670967,LTC,43.709999084472706,44.4000015258789,38.404228210449205,43.709999084472706,44.4000015258789,102000,2015-10-19
19670969,LTC,44.2999992370605,44.0699996948242,38.273963928222706,43.939998626709006,44.369998931884794,89900,2015-10-20
19670987,LTC,44.1399993896484,44.220001220703104,38.4042320251465,44.0099983215332,44.41999816894529,127700,2015-10-21
19670989,LTC,44.4500007629395,44.630001068115206,38.7603149414062,44.220001220703104,44.630001068115206,122900,2015-10-22
19671006,LTC,44.7299995422363,44.209999084472706,38.3955421447754,43.880001068115206,44.8400001525879,114200,2015-10-23
19671007,LTC,44.2599983215332,43.869998931884794,38.1002616882324,43.5999984741211,44.4799995422363,155100,2015-10-26
19671009,LTC,43.7999992370605,43.4300003051758,37.718132019043004,43.3199996948242,44.0900001525879,253500,2015-10-27
19671025,LTC,43.470001220703104,43.7999992370605,38.0394630432129,43.2299995422363,43.9300003051758,251000,2015-10-28
19671027,LTC,43.7000007629395,43.380001068115206,37.6747169494629,43.1800003051758,43.83000183105471,167800,2015-10-29
19671045,LTC,43.459999084472706,42.8499984741211,37.2144165039062,42.75,43.560001373290994,177600,2015-10-30
19671046,LTC,42.75,43.2400016784668,37.553127288818395,42.6199989318848,43.4000015258789,181000,2015-11-02
19671048,LTC,43.290000915527294,43.2999992370605,37.6052207946777,42.5800018310547,43.5499992370605,200200,2015-11-03
19671066,LTC,43.540000915527294,43.16999816894529,37.49232864379879,43.0999984741211,43.7000007629395,234100,2015-11-04
19671067,LTC,43.1399993896484,43.209999084472706,37.5270652770996,42.9000015258789,43.2700004577637,178300,2015-11-05
19671069,LTC,42.8400001525879,42.1300010681152,36.5891075134277,41.6100006103516,42.8499984741211,394800,2015-11-06
19671085,LTC,41.9199981689453,40.8800010681152,35.503501892089794,40.6100006103516,42.220001220703104,147100,2015-11-09
19671087,LTC,40.9000015258789,41.439998626709,35.9898529052734,40.72999954223629,41.52000045776371,147800,2015-11-10
19671104,LTC,41.5499992370605,41.3499984741211,35.9116859436035,41.25,41.7999992370605,130800,2015-11-11
19671105,LTC,41.2400016784668,40.9900016784668,35.599037170410206,40.8499984741211,41.5499992370605,168500,2015-11-12
19671107,LTC,40.9099998474121,40.47999954223629,35.1561050415039,40.4000015258789,41.310001373291,173700,2015-11-13
19671123,LTC,40.47999954223629,40.569999694824205,35.234279632568395,40.02000045776371,40.819999694824205,271600,2015-11-16
19671124,LTC,40.47999954223629,40.4000015258789,35.0866317749023,40.2599983215332,40.930000305175795,241000,2015-11-17
19671126,LTC,40.3499984741211,40.72999954223629,35.5315361022949,40.3300018310547,41.0,258400,2015-11-18
19671142,LTC,40.72999954223629,41.4000015258789,36.116039276123,40.72999954223629,41.439998626709,123300,2015-11-19
19671144,LTC,41.6100006103516,42.0,36.6394462585449,41.6100006103516,42.1599998474121,147300,2015-11-20
19671216,LTC,42.0099983215332,42.209999084472706,36.822639465331996,41.97999954223629,42.4900016784668,104700,2015-11-23
19671218,LTC,42.029998779296896,42.310001373291,36.909885406494105,41.5900001525879,42.3499984741211,104400,2015-11-24
19671235,LTC,42.2599983215332,42.2999992370605,36.9011573791504,42.1100006103516,42.47999954223629,167500,2015-11-25
19671236,LTC,42.2599983215332,42.7400016784668,37.285003662109396,42.1599998474121,42.7999992370605,241500,2015-11-27
19671238,LTC,42.7400016784668,42.6300010681152,37.1890449523926,42.5,43.029998779296896,340300,2015-11-30
19671254,LTC,42.7000007629395,42.7999992370605,37.3373374938965,42.5800018310547,42.8800010681152,272000,2015-12-01
19671255,LTC,42.7599983215332,41.8899993896484,36.543495178222706,41.8300018310547,42.810001373291,195900,2015-12-02
19671257,LTC,41.7599983215332,41.529998779296896,36.229438781738295,41.4000015258789,42.02000045776371,182800,2015-12-03
19671275,LTC,41.5,42.25,36.8575325012207,41.4900016784668,42.319999694824205,246700,2015-12-04
19671277,LTC,42.180000305175795,42.3699989318848,36.962230682373,42.1699981689453,42.5,204400,2015-12-07
19671294,LTC,42.310001373291,42.1100006103516,36.735408782959,42.0499992370605,42.5099983215332,100500,2015-12-08
19671296,LTC,42.1300010681152,42.069999694824205,36.7005043029785,41.819999694824205,42.3300018310547,105700,2015-12-09
19671313,LTC,42.0800018310547,41.97999954223629,36.622001647949205,41.779998779296896,42.3400001525879,121800,2015-12-10
19671315,LTC,41.569999694824205,41.819999694824205,36.4824256896973,41.569999694824205,42.1399993896484,151800,2015-12-11
19671333,LTC,41.5999984741211,41.569999694824205,36.2643394470215,41.1699981689453,41.8899993896484,212600,2015-12-14
19671335,LTC,41.720001220703104,41.7000007629395,36.3777465820312,41.6599998474121,42.0,162300,2015-12-15
19671352,LTC,41.8800010681152,42.430000305175795,37.014556884765604,41.779998779296896,42.52000045776371,274700,2015-12-16
19671354,LTC,42.470001220703104,42.310001373291,36.909885406494105,42.180000305175795,42.6500015258789,144100,2015-12-17
19671372,LTC,42.27000045776371,41.6300010681152,36.3166847229004,41.6100006103516,42.319999694824205,618300,2015-12-18
19671374,LTC,41.6500015258789,41.680000305175795,36.518180847168004,41.529998779296896,42.0,184600,2015-12-21
19671392,LTC,41.77000045776371,41.8300018310547,36.6496238708496,41.709999084472706,42.0,331500,2015-12-22
19671394,LTC,41.8800010681152,42.0,36.798557281494105,41.8300018310547,42.1100006103516,361200,2015-12-23
19671411,LTC,41.9900016784668,42.029998779296896,36.8248519897461,41.8300018310547,42.189998626709,149000,2015-12-24
19671413,LTC,42.0,42.7000007629395,37.4118690490723,41.959999084472706,42.709999084472706,316500,2015-12-28
19671429,LTC,42.7999992370605,43.75,38.3318328857422,42.6100006103516,43.7700004577637,251900,2015-12-29
19671431,LTC,43.7299995422363,43.619998931884794,38.2179298400879,43.540000915527294,43.9099998474121,135600,2015-12-30
19671449,LTC,43.689998626709006,43.1399993896484,37.7973670959473,43.119998931884794,43.75,164600,2015-12-31
19671451,LTC,42.9900016784668,42.9900016784668,37.665946960449205,42.529998779296896,43.08000183105471,250000,2016-01-04
19671468,LTC,43.0900001525879,44.58000183105471,39.0590362548828,43.08000183105471,44.970001220703104,284100,2016-01-05
19671470,LTC,44.2299995422363,44.1500015258789,38.682289123535206,44.0099983215332,44.6800003051758,135200,2016-01-06
19671487,LTC,43.7000007629395,43.3499984741211,37.9813652038574,43.2700004577637,43.9799995422363,197600,2016-01-07
19671489,LTC,43.5,43.0499992370605,37.7185211181641,42.970001220703104,43.58000183105471,189200,2016-01-08
19671505,LTC,43.16999816894529,43.529998779296896,38.1390724182129,43.16999816894529,43.8600006103516,173700,2016-01-11
19671507,LTC,43.8400001525879,43.0,37.674713134765604,42.680000305175795,43.8400001525879,218100,2016-01-12
19671523,LTC,43.0,42.8400001525879,37.5345230102539,42.5800018310547,43.6599998474121,211800,2016-01-13
19671525,LTC,42.8400001525879,43.439998626709006,38.060218811035206,42.569999694824205,43.779998779296896,339400,2016-01-14
19671541,LTC,42.6699981689453,43.2599983215332,37.902515411377,42.5099983215332,43.2599983215332,326400,2016-01-15
19671543,LTC,43.380001068115206,44.3199996948242,38.993480682373,43.310001373290994,44.6100006103516,374200,2016-01-19
19671557,LTC,43.8899993896484,43.6599998474121,38.412803649902294,42.7999992370605,44.3499984741211,480700,2016-01-20
19671559,LTC,43.880001068115206,43.25,38.0520820617676,43.1399993896484,44.0,279200,2016-01-21
19671576,LTC,43.58000183105471,44.369998931884794,39.0374755859375,43.2700004577637,44.5499992370605,301300,2016-01-22
19671578,LTC,44.3199996948242,44.2299995422363,38.914306640625,43.9500007629395,44.9500007629395,174700,2016-01-25
19671593,LTC,44.3400001525879,45.33000183105471,39.882110595703104,44.1399993896484,45.5999984741211,257400,2016-01-26
19671595,LTC,45.220001220703104,43.66999816894529,38.4216079711914,43.310001373290994,45.220001220703104,239400,2016-01-27
19671611,LTC,43.7700004577637,43.41999816894529,38.2016487121582,43.2299995422363,43.9799995422363,149400,2016-01-28
19671613,LTC,43.4900016784668,44.529998779296896,39.178249359130895,43.4900016784668,44.6399993896484,281100,2016-01-29
19671628,LTC,44.3600006103516,45.0900001525879,39.6709480285645,43.9500007629395,45.2999992370605,147400,2016-02-01
19671630,LTC,44.939998626709006,45.2599983215332,39.8205108642578,44.5099983215332,45.33000183105471,216100,2016-02-02
19671645,LTC,45.4900016784668,45.959999084472706,40.4363861083984,45.290000915527294,46.189998626709006,206100,2016-02-03
19671647,LTC,45.790000915527294,46.1599998474121,40.6123466491699,45.279998779296896,46.290000915527294,181400,2016-02-04
19671662,LTC,46.2700004577637,45.9799995422363,40.453987121581996,45.810001373290994,46.2700004577637,197800,2016-02-05
19671664,LTC,45.6399993896484,45.7599983215332,40.260425567627,44.8899993896484,45.970001220703104,249400,2016-02-08
19671680,LTC,45.3199996948242,43.9300003051758,38.650363922119105,43.8600006103516,45.6399993896484,519300,2016-02-09
19671682,LTC,44.060001373290994,42.180000305175795,37.110679626464794,42.1500015258789,44.2000007629395,419800,2016-02-10
19671697,LTC,41.6199989318848,41.1199989318848,36.178070068359396,40.5499992370605,41.939998626709,583000,2016-02-11
19671699,LTC,41.3600006103516,41.8899993896484,36.8555297851562,41.25,42.069999694824205,283100,2016-02-12
19671714,LTC,42.22999954223629,42.4000015258789,37.304237365722706,41.9500007629395,42.7599983215332,212400,2016-02-16
19671716,LTC,42.3899993896484,42.279998779296896,37.357246398925795,42.1199989318848,42.9199981689453,191200,2016-02-17
19671732,LTC,42.279998779296896,43.2400016784668,38.205482482910206,42.1399993896484,43.2400016784668,192900,2016-02-18
19671734,LTC,43.1800003051758,43.130001068115206,38.108283996581996,42.959999084472706,43.5900001525879,260500,2016-02-19
19671748,LTC,43.130001068115206,43.119998931884794,38.099460601806605,42.279998779296896,43.8199996948242,250700,2016-02-22
19671750,LTC,43.2299995422363,43.0,37.9934310913086,42.819999694824205,43.880001068115206,188300,2016-02-23
19671767,LTC,42.810001373291,43.4000015258789,38.3468437194824,42.6300010681152,43.540000915527294,196600,2016-02-24
19671769,LTC,43.6599998474121,44.3199996948242,39.1597175598145,43.4000015258789,44.3499984741211,235100,2016-02-25
19671783,LTC,44.310001373290994,43.9900016784668,38.8681602478027,43.8600006103516,44.58000183105471,191900,2016-02-26
19671785,LTC,44.0099983215332,44.439998626709006,39.2657470703125,43.7299995422363,45.310001373290994,379500,2016-02-29
19671800,LTC,44.6100006103516,44.880001068115206,39.65452194213871,44.459999084472706,45.0099983215332,283900,2016-03-01
19671802,LTC,44.6100006103516,44.9900016784668,39.7517318725586,44.4000015258789,45.029998779296896,326000,2016-03-02
19671816,LTC,45.08000183105471,44.6500015258789,39.4513168334961,44.33000183105471,45.1599998474121,208600,2016-03-03
19671818,LTC,44.630001068115206,44.5499992370605,39.362953186035206,44.0,44.709999084472706,514000,2016-03-04
19671834,LTC,44.5200004577637,44.779998779296896,39.566169738769496,44.209999084472706,44.8499984741211,234400,2016-03-07
19671836,LTC,44.6599998474121,44.3400001525879,39.177406311035206,44.25,45.0999984741211,294900,2016-03-08
19671854,LTC,44.41999816894529,44.4500007629395,39.2745933532715,44.279998779296896,44.709999084472706,273000,2016-03-09
19671856,LTC,44.6100006103516,44.0200004577637,38.8946495056152,43.5200004577637,44.9900016784668,234900,2016-03-10
19671873,LTC,44.4300003051758,44.790000915527294,39.575008392334,44.3899993896484,44.939998626709006,172700,2016-03-11
19671874,LTC,44.790000915527294,44.790000915527294,39.575008392334,44.560001373290994,44.970001220703104,104700,2016-03-14
19671876,LTC,44.5699996948242,44.6399993896484,39.442478179931605,44.41999816894529,45.029998779296896,122100,2016-03-15
19671892,LTC,44.4099998474121,44.6500015258789,39.4513168334961,44.0699996948242,44.689998626709006,222200,2016-03-16
19671894,LTC,44.4900016784668,45.0,39.760555267334,44.3899993896484,45.2400016784668,375200,2016-03-17
19671910,LTC,45.189998626709006,44.8199996948242,39.601509094238295,44.619998931884794,45.189998626709006,741200,2016-03-18
19671912,LTC,44.5200004577637,44.33000183105471,39.326499938964794,44.189998626709006,45.0099983215332,171900,2016-03-21
19671953,LTC,44.040000915527294,44.5699996948242,39.5394058227539,44.0,44.66999816894529,239200,2016-03-22
19671955,LTC,44.5699996948242,44.369998931884794,39.3619842529297,44.08000183105471,44.810001373290994,241300,2016-03-23
19671971,LTC,44.0999984741211,44.4900016784668,39.4684562683105,43.7000007629395,44.5,257200,2016-03-24
19671973,LTC,44.5499992370605,44.529998779296896,39.50392532348629,44.310001373290994,44.689998626709006,256700,2016-03-28
19671989,LTC,44.3600006103516,45.6599998474121,40.5063819885254,44.3400001525879,45.7599983215332,278700,2016-03-29
19671991,LTC,45.790000915527294,45.0999984741211,40.0095977783203,45.0900001525879,45.790000915527294,179700,2016-03-30
19672007,LTC,45.08000183105471,45.2400016784668,40.1337928771973,44.6500015258789,45.5,453200,2016-03-31
19672009,LTC,45.119998931884794,45.5200004577637,40.3821907043457,44.9000015258789,45.630001068115206,195900,2016-04-01
19672024,LTC,45.5900001525879,46.0999984741211,40.8967247009277,45.5900001525879,46.2299995422363,259300,2016-04-04
19672026,LTC,45.9900016784668,45.75,40.5862236022949,45.4799995422363,46.08000183105471,172000,2016-04-05
19672027,LTC,45.6800003051758,45.689998626709006,40.532997131347706,45.41999816894529,45.939998626709006,194600,2016-04-06
19672028,LTC,45.5099983215332,45.5200004577637,40.3821907043457,45.2000007629395,45.689998626709006,198600,2016-04-07
19672029,LTC,45.689998626709006,45.7400016784668,40.577365875244105,45.58000183105471,45.91999816894529,153800,2016-04-08
19672030,LTC,45.869998931884794,46.279998779296896,41.0564193725586,45.8199996948242,46.83000183105471,168700,2016-04-11
19672031,LTC,46.3499984741211,46.5099983215332,41.2604484558105,46.3499984741211,46.9000015258789,124600,2016-04-12
19672032,LTC,46.6599998474121,46.5200004577637,41.2693328857422,46.16999816894529,46.689998626709006,135400,2016-04-13
19672033,LTC,46.560001373290994,46.4500007629395,41.2072296142578,46.1500015258789,46.6399993896484,90900,2016-04-14
19672049,LTC,46.4799995422363,46.9000015258789,41.6064300537109,46.2599983215332,47.130001068115206,147200,2016-04-15
19672050,LTC,46.9799995422363,47.0200004577637,41.7128868103027,46.720001220703104,47.2000007629395,112100,2016-04-18
19672051,LTC,46.9099998474121,47.029998779296896,41.8820915222168,46.7000007629395,47.189998626709006,103900,2016-04-19
19672052,LTC,47.0099983215332,46.0900001525879,41.0449829101562,46.0900001525879,47.0099983215332,114500,2016-04-20
19672053,LTC,46.0900001525879,45.5099983215332,40.528472900390604,45.2700004577637,46.2299995422363,159400,2016-04-21
19672054,LTC,45.5900001525879,46.209999084472706,41.151847839355504,45.529998779296896,46.279998779296896,168900,2016-04-22
19672055,LTC,46.16999816894529,46.5099983215332,41.4190101623535,46.0699996948242,46.5200004577637,109600,2016-04-25
19672056,LTC,46.5900001525879,46.83000183105471,41.7039833068848,46.470001220703104,47.1100006103516,128800,2016-04-26
19672057,LTC,46.7400016784668,47.0999984741211,41.944419860839794,46.4900016784668,47.16999816894529,117500,2016-04-27
19672058,LTC,46.8499984741211,46.91999816894529,41.784122467041,46.689998626709006,47.0499992370605,114600,2016-04-28
19672059,LTC,46.7999992370605,46.3899993896484,41.3121490478516,46.060001373290994,47.119998931884794,144600,2016-04-29
19672060,LTC,46.3899993896484,47.1800003051758,42.0156669616699,46.3899993896484,47.33000183105471,133700,2016-05-02
19672061,LTC,47.0,47.5200004577637,42.318450927734396,47.0,48.0200004577637,163000,2016-05-03
19672062,LTC,47.41999816894529,48.279998779296896,42.995265960693395,47.41999816894529,48.6800003051758,198100,2016-05-04
19672063,LTC,48.369998931884794,48.119998931884794,42.8527793884277,48.060001373290994,48.459999084472706,167900,2016-05-05
19672064,LTC,47.8600006103516,48.459999084472706,43.155555725097706,47.58000183105471,48.4799995422363,337000,2016-05-06
19672065,LTC,48.6800003051758,48.369998931884794,43.0754203796387,48.2299995422363,48.7599983215332,416900,2016-05-09
19672066,LTC,48.369998931884794,48.1399993896484,42.87058639526371,47.9300003051758,48.4000015258789,221900,2016-05-10
19672067,LTC,48.130001068115206,47.8499984741211,42.6123275756836,47.119998931884794,48.130001068115206,214200,2016-05-11
19672068,LTC,47.9300003051758,48.0099983215332,42.7548217773438,47.279998779296896,48.1500015258789,272400,2016-05-12
19672069,LTC,47.8400001525879,47.9900016784668,42.737007141113295,47.290000915527294,48.2000007629395,209500,2016-05-13
19672070,LTC,47.959999084472706,48.0900001525879,42.826057434081996,47.7299995422363,48.3499984741211,255400,2016-05-16
19672072,LTC,47.970001220703104,47.1500015258789,41.9889526367188,46.7700004577637,48.119998931884794,185100,2016-05-17
19672092,LTC,46.959999084472706,46.5099983215332,41.4190101623535,46.119998931884794,47.2700004577637,193200,2016-05-18
19672094,LTC,45.9799995422363,45.630001068115206,40.7932090759277,45.33000183105471,46.040000915527294,209200,2016-05-19
19672095,LTC,45.790000915527294,46.0200004577637,41.1418609619141,45.630001068115206,46.220001220703104,213300,2016-05-20
19672096,LTC,46.189998626709006,45.8899993896484,41.0256500244141,45.8600006103516,46.3899993896484,252900,2016-05-23
19672097,LTC,46.130001068115206,46.2700004577637,41.3653678894043,46.0200004577637,46.4500007629395,303000,2016-05-24
19672098,LTC,46.2999992370605,46.2000007629395,41.3027801513672,45.790000915527294,46.3400001525879,156400,2016-05-25
19672099,LTC,46.2599983215332,46.3400001525879,41.427947998046896,45.9099998474121,46.4900016784668,151500,2016-05-26
19672100,LTC,46.369998931884794,46.7000007629395,41.749786376953104,46.3499984741211,46.810001373290994,159500,2016-05-27
19672101,LTC,46.790000915527294,46.619998931884794,41.6782646179199,46.1500015258789,46.7999992370605,399800,2016-05-31
19672102,LTC,46.5999984741211,46.869998931884794,41.9017562866211,46.5999984741211,46.9000015258789,241100,2016-06-01
19672118,LTC,46.869998931884794,47.0,42.0179901123047,46.5499992370605,47.0499992370605,201200,2016-06-02
19672120,LTC,47.380001068115206,47.310001373290994,42.295127868652294,47.0,47.380001068115206,203400,2016-06-03
19672135,LTC,47.279998779296896,47.3400001525879,42.3219451904297,46.7999992370605,47.5699996948242,188200,2016-06-06
19672137,LTC,47.2999992370605,48.119998931884794,43.0192718505859,47.2999992370605,48.1399993896484,185500,2016-06-07
19672151,LTC,48.1800003051758,48.91999816894529,43.734470367431605,47.8899993896484,49.119998931884794,268700,2016-06-08
19672153,LTC,49.040000915527294,49.0499992370605,43.8506889343262,48.6800003051758,49.540000915527294,385700,2016-06-09
19672167,LTC,49.0999984741211,49.290000915527294,44.0652465820312,49.0499992370605,49.5999984741211,326900,2016-06-10
19672169,LTC,49.0099983215332,49.3499984741211,44.1188812255859,49.0099983215332,49.869998931884794,162300,2016-06-13
19672184,LTC,49.3600006103516,49.310001373290994,44.0831413269043,49.0999984741211,49.5499992370605,157000,2016-06-14
19672186,LTC,49.3899993896484,49.790000915527294,44.512245178222706,49.3899993896484,50.1399993896484,587900,2016-06-15
19672204,LTC,49.7599983215332,49.8899993896484,44.60163879394529,49.5900001525879,50.0099983215332,314300,2016-06-16
19672206,LTC,49.630001068115206,49.2999992370605,44.0741958618164,48.6100006103516,49.630001068115206,767000,2016-06-17
19672220,LTC,49.2999992370605,49.470001220703104,44.38822937011721,49.2000007629395,49.83000183105471,280500,2016-06-20
19672222,LTC,49.66999816894529,49.720001220703104,44.6125564575195,49.470001220703104,49.9000015258789,245400,2016-06-21
19672223,LTC,49.7400016784668,49.3400001525879,44.2715911865234,49.33000183105471,49.8400001525879,177000,2016-06-22
19672224,LTC,49.380001068115206,49.790000915527294,44.675365447998,49.369998931884794,49.8899993896484,246000,2016-06-23
19672225,LTC,48.75,49.91999816894529,44.7920036315918,48.6599998474121,50.5999984741211,942400,2016-06-24
19672239,LTC,49.880001068115206,50.3199996948242,45.1509132385254,49.4900016784668,50.630001068115206,256600,2016-06-27
19672241,LTC,50.5200004577637,50.810001373290994,45.590579986572294,50.2299995422363,51.060001373290994,198100,2016-06-28
19672255,LTC,50.0999984741211,50.9000015258789,45.6713333129883,50.0,50.970001220703104,349100,2016-06-29
19672257,LTC,51.0999984741211,51.7299995422363,46.416072845459006,50.5200004577637,51.7400016784668,386000,2016-06-30
19672271,LTC,51.970001220703104,52.0499992370605,46.703208923339794,51.7299995422363,52.3199996948242,211500,2016-07-01
19672273,LTC,52.189998626709006,52.58000183105471,47.178768157959006,52.060001373290994,52.5900001525879,167400,2016-07-05
19672287,LTC,52.5999984741211,52.4099998474121,47.0262260437012,52.310001373290994,52.6800003051758,122700,2016-07-06
19672290,LTC,52.4799995422363,51.58000183105471,46.2814788818359,51.459999084472706,52.4799995422363,194200,2016-07-07
19672334,LTC,51.8199996948242,52.540000915527294,47.1428718566895,51.6800003051758,52.6100006103516,250700,2016-07-08
19672335,LTC,52.5900001525879,53.040000915527294,47.591514587402294,52.130001068115206,53.0900001525879,137200,2016-07-11
19672336,LTC,52.8499984741211,52.8899993896484,47.456912994384794,52.439998626709006,53.220001220703104,242500,2016-07-12
19672337,LTC,52.9300003051758,53.3600006103516,47.8786392211914,52.7599983215332,53.3600006103516,211300,2016-07-13
19672338,LTC,53.1100006103516,52.5900001525879,47.1877365112305,52.5499992370605,53.3600006103516,208800,2016-07-14
19672340,LTC,52.560001373290994,52.66999816894529,47.2595062255859,52.1100006103516,52.720001220703104,219100,2016-07-15
19672354,LTC,52.369998931884794,52.279998779296896,46.909576416015604,51.939998626709006,52.7599983215332,257800,2016-07-18
19672356,LTC,52.0,52.5699996948242,47.3327560424805,52.0,52.619998931884794,129700,2016-07-19
19672370,LTC,52.529998779296896,52.810001373290994,47.5488471984863,52.5,52.9099998474121,103600,2016-07-20
19672372,LTC,52.6800003051758,52.9799995422363,47.7019195556641,52.5200004577637,53.0,115700,2016-07-21
19672386,LTC,52.8600006103516,53.2400016784668,47.9360198974609,52.8600006103516,53.560001373290994,151500,2016-07-22
19672388,LTC,53.2299995422363,53.08000183105471,47.79194641113279,52.7299995422363,53.4300003051758,173400,2016-07-25
19672402,LTC,52.970001220703104,52.6399993896484,47.3957862854004,52.439998626709006,53.33000183105471,170800,2016-07-26
19672404,LTC,52.4500007629395,52.5200004577637,47.2877388000488,51.9099998474121,52.7700004577637,162400,2016-07-27
19672420,LTC,52.41999816894529,53.209999084472706,47.9089965820312,52.25,53.310001373290994,129700,2016-07-28
19672422,LTC,53.2000007629395,53.529998779296896,48.1971092224121,53.2000007629395,54.0,177500,2016-07-29
19672436,LTC,53.4500007629395,53.2400016784668,47.9360198974609,53.0200004577637,53.8499984741211,253300,2016-08-01
19672438,LTC,53.279998779296896,52.869998931884794,47.60285949707029,52.8199996948242,53.4300003051758,223000,2016-08-02
19672452,LTC,52.8199996948242,51.75,46.594451904296896,51.439998626709006,52.869998931884794,265000,2016-08-03
19672454,LTC,51.8499984741211,51.83000183105471,46.666473388671896,51.560001373290994,52.33000183105471,167600,2016-08-04
19672469,LTC,51.470001220703104,51.83000183105471,46.666473388671896,51.470001220703104,52.0699996948242,161300,2016-08-05
19672473,LTC,51.869998931884794,51.9000015258789,46.7295112609863,51.5099983215332,52.0099983215332,141500,2016-08-08
19672487,LTC,51.779998779296896,52.2700004577637,47.0626564025879,51.41999816894529,52.310001373290994,113200,2016-08-09
19672491,LTC,52.33000183105471,52.560001373290994,47.3237495422363,52.08000183105471,52.75,144600,2016-08-10
19672506,LTC,52.6399993896484,52.0,46.819549560546896,51.540000915527294,52.6399993896484,213400,2016-08-11
19672538,LTC,52.0,52.119998931884794,46.9275894165039,51.9900016784668,53.0200004577637,180800,2016-08-12
19672554,LTC,52.2700004577637,52.279998779296896,47.0716438293457,52.25,52.709999084472706,215200,2016-08-15
19672560,LTC,52.0699996948242,51.4099998474121,46.288330078125,51.3199996948242,52.1399993896484,199300,2016-08-16
19672577,LTC,51.4000015258789,52.029998779296896,46.8465461730957,51.130001068115206,52.0499992370605,148000,2016-08-17
19672581,LTC,52.119998931884794,52.209999084472706,47.008617401123,51.83000183105471,52.2999992370605,139800,2016-08-18
19672660,LTC,51.9000015258789,51.470001220703104,46.502655029296896,51.2999992370605,52.16999816894529,171400,2016-08-19
19672681,LTC,51.5,52.290000915527294,47.243526458740206,51.5,52.3899993896484,239500,2016-08-22
19672733,LTC,52.3899993896484,52.189998626709006,47.1531753540039,52.060001373290994,52.4500007629395,182400,2016-08-23
19672741,LTC,52.2299995422363,52.279998779296896,47.2344856262207,51.7999992370605,52.3499984741211,198200,2016-08-24
19672760,LTC,52.279998779296896,52.6500015258789,47.5687942504883,52.25,52.9500007629395,173000,2016-08-25
19672765,LTC,52.6500015258789,52.0499992370605,47.02668762207029,51.6599998474121,52.9500007629395,235400,2016-08-26
19672798,LTC,52.119998931884794,52.279998779296896,47.2344856262207,52.0699996948242,52.529998779296896,101800,2016-08-29
19672802,LTC,52.2700004577637,52.209999084472706,47.1712455749512,51.7000007629395,52.290000915527294,108100,2016-08-30
19672819,LTC,52.1399993896484,51.91999816894529,46.9092292785645,51.6599998474121,52.380001068115206,261900,2016-08-31
19672823,LTC,51.9000015258789,51.869998931884794,46.8640632629395,51.3199996948242,51.9300003051758,173300,2016-09-01
19672841,LTC,51.720001220703104,52.58000183105471,47.5055465698242,51.7000007629395,53.08000183105471,155000,2016-09-02
19672845,LTC,52.7299995422363,53.369998931884794,48.2192916870117,52.1800003051758,53.369998931884794,187600,2016-09-06
19672861,LTC,53.279998779296896,54.1800003051758,48.95112609863279,53.189998626709006,54.2000007629395,203600,2016-09-07
19672865,LTC,53.7299995422363,53.369998931884794,48.2192916870117,53.2599983215332,54.0099983215332,133200,2016-09-08
19672880,LTC,52.619998931884794,50.8199996948242,45.9153938293457,50.810001373290994,52.939998626709006,265800,2016-09-09
19672884,LTC,50.7599983215332,51.33000183105471,46.3761711120605,50.6500015258789,51.6100006103516,240600,2016-09-12
19672898,LTC,51.0200004577637,49.9900016784668,45.165500640869105,49.970001220703104,51.2999992370605,226500,2016-09-13
19672902,LTC,50.0,50.3199996948242,45.463653564453104,49.83000183105471,50.5200004577637,114700,2016-09-14
19672918,LTC,50.33000183105471,50.5900001525879,45.7075996398926,50.189998626709006,50.720001220703104,133400,2016-09-15
19672922,LTC,50.5699996948242,50.8600006103516,45.9515380859375,50.1599998474121,50.939998626709006,495700,2016-09-16
19672938,LTC,50.8400001525879,51.25,46.3038940429688,50.8400001525879,51.2599983215332,134200,2016-09-19
19672942,LTC,51.279998779296896,51.119998931884794,46.3492240905762,51.0200004577637,51.5,89400,2016-09-20
19672958,LTC,51.040000915527294,51.8899993896484,47.0473747253418,50.459999084472706,52.0,150900,2016-09-21
19672962,LTC,52.4799995422363,52.7700004577637,47.8452491760254,52.3499984741211,52.880001068115206,211600,2016-09-22
19672976,LTC,52.560001373290994,52.880001068115206,47.944984436035206,51.91999816894529,52.9900016784668,141500,2016-09-23
19672980,LTC,52.7999992370605,52.8899993896484,47.95405578613279,52.7000007629395,53.08000183105471,118400,2016-09-26
19672995,LTC,53.060001373290994,52.040000915527294,47.1833724975586,51.9500007629395,53.060001373290994,128200,2016-09-27
19672999,LTC,52.16999816894529,52.6100006103516,47.700168609619105,51.9799995422363,52.7000007629395,121700,2016-09-28
19673019,LTC,52.3600006103516,52.2299995422363,47.355648040771506,51.8499984741211,52.529998779296896,101400,2016-09-29
19673023,LTC,52.459999084472706,51.9900016784668,47.1380386352539,51.7700004577637,52.459999084472706,189000,2016-09-30
19673040,LTC,51.7700004577637,51.189998626709006,46.4126968383789,50.9500007629395,52.0499992370605,206600,2016-10-03
19673044,LTC,51.0999984741211,50.3199996948242,45.6238899230957,49.9300003051758,51.0999984741211,210700,2016-10-04
19673059,LTC,50.470001220703104,48.9000015258789,44.3364181518555,48.8499984741211,50.6599998474121,200500,2016-10-05
19673063,LTC,48.560001373290994,49.040000915527294,44.4633445739746,48.0,49.16999816894529,209400,2016-10-06
19673077,LTC,49.209999084472706,48.91999816894529,44.3545417785645,48.58000183105471,49.5699996948242,182300,2016-10-07
19673081,LTC,48.8899993896484,49.4900016784668,44.8713531494141,48.8899993896484,49.6800003051758,185200,2016-10-10
19673097,LTC,49.2599983215332,49.0699996948242,44.490535736084006,48.869998931884794,49.5699996948242,102100,2016-10-11
19673101,LTC,49.0999984741211,49.6500015258789,45.016414642334006,49.0499992370605,49.939998626709006,89700,2016-10-12
19673116,LTC,49.630001068115206,50.2400016784668,45.551353454589794,49.630001068115206,50.3400001525879,157200,2016-10-13
19673120,LTC,50.2000007629395,50.0499992370605,45.379093170165994,49.7700004577637,50.7999992370605,125100,2016-10-14
19673135,LTC,50.0999984741211,50.3400001525879,45.642032623290994,50.0900001525879,50.720001220703104,106400,2016-10-17
19673139,LTC,50.529998779296896,50.790000915527294,46.0500297546387,50.3899993896484,51.25,115900,2016-10-18
19673155,LTC,50.6100006103516,50.6500015258789,46.0955276489258,50.4500007629395,51.1100006103516,96200,2016-10-19
19673159,LTC,50.689998626709006,50.7400016784668,46.177433013915994,50.290000915527294,50.9500007629395,95700,2016-10-20
19673175,LTC,50.369998931884794,50.6500015258789,46.0955276489258,50.369998931884794,51.279998779296896,145200,2016-10-21
19673179,LTC,50.939998626709006,51.1399993896484,46.5414695739746,50.66999816894529,51.4300003051758,110500,2016-10-24
19673195,LTC,51.0,50.9300003051758,46.3503570556641,50.689998626709006,51.1800003051758,120000,2016-10-25
19673199,LTC,50.75,49.959999084472706,45.4675788879395,49.7700004577637,50.75,139000,2016-10-26
19673214,LTC,49.7999992370605,48.6599998474121,44.2844657897949,48.41999816894529,49.7999992370605,254900,2016-10-27
19673218,LTC,48.75,49.040000915527294,44.630306243896506,48.5499992370605,49.16999816894529,239200,2016-10-28
19673233,LTC,49.369998931884794,50.1100006103516,45.6040840148926,49.0099983215332,50.1800003051758,232500,2016-10-31
19673237,LTC,49.7599983215332,48.4500007629395,44.093357086181605,48.439998626709006,49.83000183105471,215800,2016-11-01
19673251,LTC,48.6399993896484,47.5499992370605,43.274288177490206,47.470001220703104,48.6399993896484,248100,2016-11-02
19673255,LTC,47.1399993896484,46.0900001525879,41.9455718994141,45.959999084472706,49.0699996948242,310700,2016-11-03
19673272,LTC,45.9000015258789,46.2599983215332,42.1002807617188,45.779998779296896,46.6100006103516,171600,2016-11-04
19673276,LTC,46.459999084472706,46.58000183105471,42.391506195068395,46.1399993896484,46.8600006103516,283700,2016-11-07
19673290,LTC,46.5,45.709999084472706,41.5997467041016,45.369998931884794,46.66999816894529,340800,2016-11-08
19673294,LTC,44.9000015258789,44.869998931884794,40.835277557373,44.029998779296896,45.529998779296896,441900,2016-11-09
19673309,LTC,44.869998931884794,44.2000007629395,40.2255210876465,43.16999816894529,45.0999984741211,404100,2016-11-10
19673313,LTC,44.25,44.8600006103516,40.8261756896973,44.25,45.2599983215332,467000,2016-11-11
19673328,LTC,44.7999992370605,45.720001220703104,41.6088409423828,44.5,46.189998626709006,375000,2016-11-14
19673332,LTC,45.7299995422363,44.9000015258789,40.8625717163086,44.5499992370605,46.2999992370605,278000,2016-11-15
19673347,LTC,44.9000015258789,45.2999992370605,41.2266044616699,44.7999992370605,45.380001068115206,278500,2016-11-16
19673351,LTC,45.2999992370605,44.369998931884794,40.38022994995121,44.25,45.7000007629395,226400,2016-11-17
19673368,LTC,44.1599998474121,44.970001220703104,41.1022911071777,44.130001068115206,45.0999984741211,256000,2016-11-18
19673372,LTC,45.209999084472706,44.939998626709006,41.0748634338379,44.83000183105471,45.5,165700,2016-11-21
19673388,LTC,45.1800003051758,45.5699996948242,41.650688171386705,45.0999984741211,45.75,228700,2016-11-22
19673392,LTC,45.4500007629395,45.4000015258789,41.4953002929688,44.869998931884794,45.540000915527294,145600,2016-11-23
19673409,LTC,45.4500007629395,45.8199996948242,41.8791847229004,45.439998626709006,46.1800003051758,59100,2016-11-25
19673413,LTC,45.9300003051758,45.8499984741211,41.90659713745121,45.6399993896484,46.33000183105471,149100,2016-11-28
19673428,LTC,45.8499984741211,46.3899993896484,42.4001579284668,45.8499984741211,47.0200004577637,213500,2016-11-29
19673432,LTC,46.0499992370605,45.459999084472706,41.550140380859396,44.8199996948242,46.1800003051758,283800,2016-11-30
19673447,LTC,44.959999084472706,44.4500007629395,40.627010345459,43.9099998474121,45.369998931884794,311100,2016-12-01
19673451,LTC,44.7400016784668,45.119998931884794,41.239387512206996,44.529998779296896,45.7400016784668,191900,2016-12-02
19673469,LTC,45.2599983215332,45.4300003051758,41.522731781005895,45.0099983215332,45.6500015258789,183200,2016-12-05
19673474,LTC,45.5,45.720001220703104,41.7877769470215,45.0499992370605,45.939998626709006,208200,2016-12-06
19673489,LTC,45.8899993896484,46.8199996948242,42.7931785583496,45.8899993896484,47.0099983215332,223000,2016-12-07
19673493,LTC,46.33000183105471,47.189998626709006,43.13134765625,46.1800003051758,47.220001220703104,169100,2016-12-08
19673509,LTC,47.130001068115206,47.08000183105471,43.0308151245117,47.029998779296896,47.869998931884794,196000,2016-12-09
19673513,LTC,46.9300003051758,47.1800003051758,43.1222114562988,46.9300003051758,47.5200004577637,183000,2016-12-12
19673529,LTC,47.3499984741211,47.33000183105471,43.2593116760254,46.959999084472706,47.7400016784668,202100,2016-12-13
19673533,LTC,47.4500007629395,45.470001220703104,41.5592842102051,45.4300003051758,47.4500007629395,245800,2016-12-14
19673549,LTC,45.3499984741211,45.25,41.3582000732422,45.209999084472706,46.060001373290994,304000,2016-12-15
19673553,LTC,45.5,46.369998931884794,42.3818778991699,45.5,46.8499984741211,472900,2016-12-16
19673568,LTC,46.7999992370605,47.1399993896484,43.0856513977051,46.5,47.459999084472706,207900,2016-12-19
19673572,LTC,47.0,47.0,43.1315422058105,46.630001068115206,47.369998931884794,212200,2016-12-20
19673586,LTC,46.8899993896484,45.9300003051758,42.149604797363295,45.869998931884794,47.4799995422363,255400,2016-12-21
19673590,LTC,45.9500007629395,45.939998626709006,42.1587791442871,45.380001068115206,46.130001068115206,208700,2016-12-22
19673606,LTC,46.0,46.130001068115206,42.3331413269043,45.8400001525879,46.1399993896484,144800,2016-12-23
19673610,LTC,46.0900001525879,46.0699996948242,42.2780876159668,45.83000183105471,46.1500015258789,329100,2016-12-27
19673626,LTC,45.9099998474121,45.7400016784668,41.975250244140604,45.6100006103516,46.040000915527294,226200,2016-12-28
19673630,LTC,45.75,46.4799995422363,42.6543312072754,45.75,46.91999816894529,397900,2016-12-29
19673645,LTC,46.7000007629395,46.9799995422363,43.1131782531738,46.470001220703104,47.060001373290994,273600,2016-12-30
19673649,LTC,47.310001373290994,47.2000007629395,43.315071105957,46.6100006103516,47.5099983215332,305900,2017-01-03
19673664,LTC,47.4099998474121,47.5,43.5903930664062,47.0900001525879,47.6599998474121,385900,2017-01-04
19673668,LTC,47.41999816894529,47.290000915527294,43.3976707458496,46.470001220703104,47.6599998474121,344200,2017-01-05
19673701,LTC,47.290000915527294,47.209999084472706,43.3242530822754,47.040000915527294,47.4099998474121,204200,2017-01-06
19673705,LTC,47.2299995422363,46.91999816894529,43.0581169128418,46.8400001525879,47.5,297500,2017-01-09
19673744,LTC,47.0,46.7000007629395,42.8562355041504,46.4799995422363,47.0,193500,2017-01-10
19673748,LTC,46.5699996948242,46.6800003051758,42.8378753662109,46.3600006103516,47.060001373290994,179000,2017-01-11
19673786,LTC,46.9099998474121,47.119998931884794,43.241661071777294,46.33000183105471,47.1800003051758,197900,2017-01-12
19673790,LTC,47.1100006103516,47.0,43.1315422058105,46.9000015258789,47.439998626709006,142000,2017-01-13
19673821,LTC,47.279998779296896,47.540000915527294,43.6270904541016,47.0200004577637,47.6100006103516,176500,2017-01-17
19673825,LTC,47.4900016784668,47.3899993896484,43.4894332885742,47.310001373290994,47.790000915527294,222400,2017-01-18
19673908,LTC,47.0,46.75,43.0748176574707,46.5,47.029998779296896,145200,2017-01-19
19673912,LTC,46.5999984741211,47.1599998474121,43.4525871276855,46.5200004577637,47.3499984741211,173500,2017-01-20
19673935,LTC,47.33000183105471,47.7700004577637,44.0146293640137,47.1599998474121,47.8499984741211,272900,2017-01-23
19673939,LTC,47.58000183105471,47.5900001525879,43.8487777709961,47.130001068115206,47.7000007629395,242800,2017-01-24
19673970,LTC,47.5900001525879,47.25,43.5355110168457,47.2000007629395,47.75,179800,2017-01-25
19673974,LTC,47.189998626709006,46.720001220703104,43.047176361084006,46.720001220703104,47.4799995422363,167700,2017-01-26
19673994,LTC,46.869998931884794,46.6100006103516,42.9458160400391,46.1399993896484,46.869998931884794,358500,2017-01-27
19673998,LTC,46.6399993896484,46.6800003051758,43.0103149414062,46.3899993896484,47.130001068115206,285200,2017-01-30
19674013,LTC,46.7299995422363,46.66999816894529,43.0010986328125,46.6399993896484,47.3899993896484,246400,2017-01-31
19674014,LTC,46.529998779296896,45.8499984741211,42.2455596923828,45.7599983215332,47.0699996948242,224400,2017-02-01
19674018,LTC,46.0999984741211,46.220001220703104,42.586483001709,45.9000015258789,46.5,192500,2017-02-02
19674032,LTC,46.5499992370605,46.5200004577637,42.8629035949707,46.2999992370605,46.810001373290994,210900,2017-02-03
19674036,LTC,46.5499992370605,46.5099983215332,42.8536796569824,46.3499984741211,46.8400001525879,161500,2017-02-06
19674037,LTC,46.58000183105471,46.4900016784668,42.8352546691895,46.3899993896484,46.7999992370605,264500,2017-02-07
19674053,LTC,46.720001220703104,46.619998931884794,42.9550361633301,46.4500007629395,46.869998931884794,238500,2017-02-08
19674057,LTC,46.4500007629395,46.0200004577637,42.40220260620121,45.9300003051758,46.810001373290994,269400,2017-02-09
19674058,LTC,46.0200004577637,46.2599983215332,42.6233367919922,45.7700004577637,46.2599983215332,224200,2017-02-10
19674059,LTC,46.459999084472706,46.1599998474121,42.531196594238295,45.9000015258789,46.5099983215332,277100,2017-02-13
19674060,LTC,46.0900001525879,45.7599983215332,42.1626396179199,45.6500015258789,46.189998626709006,245300,2017-02-14
19674061,LTC,45.41999816894529,45.9500007629395,42.514232635498,45.0999984741211,46.029998779296896,297300,2017-02-15
19674062,LTC,46.0,46.5900001525879,43.1063766479492,46.0,46.83000183105471,212900,2017-02-16
19674063,LTC,46.91999816894529,46.709999084472706,43.217414855957,46.060001373290994,46.91999816894529,290400,2017-02-17
19674064,LTC,47.060001373290994,46.8899993896484,43.383937835693395,46.459999084472706,47.060001373290994,195400,2017-02-21
19674065,LTC,47.08000183105471,47.130001068115206,43.60600280761721,46.8499984741211,47.3199996948242,234600,2017-02-22
19674066,LTC,47.3499984741211,47.16999816894529,43.643009185790994,46.4900016784668,47.5,309900,2017-02-23
19674067,LTC,47.060001373290994,47.5499992370605,43.9945945739746,46.7700004577637,47.6500015258789,272500,2017-02-24
19674082,LTC,47.630001068115206,48.1500015258789,44.54972839355471,47.459999084472706,48.3499984741211,287700,2017-02-27
19674083,LTC,48.0099983215332,48.2400016784668,44.6329956054688,47.75,48.6500015258789,279800,2017-02-28
19674084,LTC,48.209999084472706,47.9000015258789,44.3184204101562,47.8199996948242,48.2999992370605,223500,2017-03-01
19674085,LTC,47.7400016784668,47.9300003051758,44.3461799621582,47.4099998474121,47.9900016784668,128800,2017-03-02
19674086,LTC,47.8499984741211,47.6599998474121,44.0963668823242,47.0200004577637,47.8899993896484,174200,2017-03-03
19674087,LTC,47.6399993896484,47.3899993896484,43.846553802490206,46.9500007629395,47.6500015258789,174600,2017-03-06
19674088,LTC,47.209999084472706,46.9300003051758,43.42094421386721,46.83000183105471,47.2700004577637,145300,2017-03-07
19674089,LTC,46.75,45.689998626709006,42.2736701965332,45.689998626709006,46.8899993896484,205300,2017-03-08
19674090,LTC,45.7000007629395,45.290000915527294,41.9035682678223,45.220001220703104,46.1500015258789,194100,2017-03-09
19674091,LTC,46.119998931884794,45.2700004577637,41.885078430175795,44.91999816894529,46.119998931884794,205200,2017-03-10
19674092,LTC,45.4000015258789,45.16999816894529,41.7925567626953,45.119998931884794,45.7000007629395,229000,2017-03-13
19674093,LTC,45.08000183105471,45.0999984741211,41.727790832519496,44.9300003051758,45.380001068115206,167100,2017-03-14
19674097,LTC,45.209999084472706,45.8400001525879,42.41245651245121,45.209999084472706,46.1500015258789,209100,2017-03-15
19674112,LTC,45.880001068115206,46.040000915527294,42.597503662109396,45.6500015258789,46.209999084472706,182200,2017-03-16
19674116,LTC,46.0499992370605,46.5099983215332,43.032356262207,45.83000183105471,46.58000183105471,435400,2017-03-17
19674130,LTC,46.6399993896484,45.9900016784668,42.5512466430664,45.970001220703104,46.689998626709006,273000,2017-03-20
19674134,LTC,45.970001220703104,46.220001220703104,42.941444396972706,45.720001220703104,46.439998626709006,263600,2017-03-21
19674151,LTC,46.3600006103516,46.439998626709006,43.145835876464794,45.939998626709006,46.5900001525879,185000,2017-03-22
19674155,LTC,46.3600006103516,46.7999992370605,43.48030090332029,46.3600006103516,47.290000915527294,187200,2017-03-23
19674170,LTC,46.810001373290994,46.9099998474121,43.582492828369105,46.7299995422363,47.08000183105471,183600,2017-03-24
19674174,LTC,46.75,46.9000015258789,43.573211669921896,46.560001373290994,47.380001068115206,148500,2017-03-27
19674188,LTC,47.0,47.0999984741211,43.759029388427706,46.439998626709006,47.0999984741211,211800,2017-03-28
19674192,LTC,47.0999984741211,47.5200004577637,44.1492309570312,46.9000015258789,47.529998779296896,146200,2017-03-29
19674208,LTC,47.5200004577637,47.5699996948242,44.1956939697266,47.1100006103516,47.720001220703104,100800,2017-03-30
19674212,LTC,47.5200004577637,47.9000015258789,44.50227355957029,47.439998626709006,48.0200004577637,222500,2017-03-31
19674226,LTC,47.880001068115206,47.869998931884794,44.474403381347706,47.6100006103516,48.0900001525879,186600,2017-04-03
19674230,LTC,47.7999992370605,47.91999816894529,44.5208549499512,47.75,48.130001068115206,199900,2017-04-04
19674244,LTC,47.9300003051758,47.9000015258789,44.50227355957029,47.7000007629395,48.220001220703104,146500,2017-04-05
19674248,LTC,47.8899993896484,48.119998931884794,44.706672668457,47.7999992370605,48.220001220703104,165800,2017-04-06
19674262,LTC,48.2299995422363,48.4900016784668,45.0504264831543,48.1100006103516,48.75,220600,2017-04-07
19674266,LTC,48.6599998474121,48.6500015258789,45.1990814208984,48.25,48.869998931884794,114600,2017-04-10
19674282,LTC,48.779998779296896,49.3499984741211,45.849422454834006,48.6500015258789,49.369998931884794,121100,2017-04-11
19674286,LTC,49.3400001525879,49.08000183105471,45.5985794067383,48.8899993896484,49.5,137700,2017-04-12
19674302,LTC,49.1399993896484,48.8899993896484,45.4220504760742,48.8600006103516,49.290000915527294,94400,2017-04-13
19674306,LTC,48.9000015258789,49.290000915527294,45.793674468994105,48.9000015258789,49.290000915527294,123500,2017-04-17
19674320,LTC,49.060001373290994,49.310001373290994,45.9895362854004,48.970001220703104,49.4799995422363,281400,2017-04-18
19674324,LTC,49.290000915527294,49.2000007629395,45.8869476318359,49.1399993896484,49.5099983215332,138200,2017-04-19
19674338,LTC,49.130001068115206,49.540000915527294,46.2040519714355,49.0200004577637,49.5699996948242,136300,2017-04-20
19674342,LTC,49.5999984741211,49.4799995422363,46.1480903625488,49.369998931884794,49.7400016784668,151500,2017-04-21
19674356,LTC,49.5999984741211,48.709999084472706,45.4299392700195,47.8499984741211,49.779998779296896,202100,2017-04-24
19674360,LTC,48.540000915527294,48.880001068115206,45.588497161865206,48.540000915527294,49.0699996948242,127200,2017-04-25
19674376,LTC,48.6500015258789,48.9000015258789,45.6071586608887,48.4000015258789,49.16999816894529,206500,2017-04-26
19674380,LTC,48.9300003051758,48.83000183105471,45.541866302490206,48.75,49.1500015258789,142400,2017-04-27
19674394,LTC,48.810001373290994,47.8400001525879,44.618526458740206,47.709999084472706,48.8499984741211,205200,2017-04-28
19674398,LTC,47.7999992370605,47.8199996948242,44.599884033203104,47.5,48.1800003051758,140000,2017-05-01
19674463,LTC,48.0,47.4099998474121,44.2174758911133,47.1500015258789,48.0499992370605,178800,2017-05-02
19674467,LTC,47.2999992370605,46.9500007629395,43.788455963134794,46.6100006103516,47.2999992370605,171800,2017-05-03
19674508,LTC,47.0,46.8600006103516,43.7045211791992,46.25,47.0499992370605,128400,2017-05-04
19674512,LTC,46.8600006103516,47.3499984741211,44.161529541015604,46.66999816894529,47.4500007629395,207200,2017-05-05
19674528,LTC,47.3499984741211,46.939998626709006,43.7791328430176,46.7599983215332,47.5499992370605,171100,2017-05-08
19674532,LTC,46.619998931884794,46.0699996948242,42.9677200317383,45.630001068115206,46.880001068115206,346000,2017-05-09
19674548,LTC,46.130001068115206,47.790000915527294,44.5718841552734,46.0999984741211,47.970001220703104,313900,2017-05-10
19674553,LTC,47.5200004577637,47.9300003051758,44.702465057373,47.2000007629395,48.0499992370605,180800,2017-05-11
19674570,LTC,47.9000015258789,48.0099983215332,44.7770767211914,47.790000915527294,48.4000015258789,175500,2017-05-12
19674574,LTC,48.0499992370605,48.2599983215332,45.0102386474609,48.0099983215332,48.959999084472706,132500,2017-05-15
19674589,LTC,48.470001220703104,47.3499984741211,44.161529541015604,47.119998931884794,48.470001220703104,244300,2017-05-16
19674593,LTC,47.2999992370605,48.060001373290994,44.8237113952637,47.2999992370605,48.3899993896484,245200,2017-05-17
19674608,LTC,48.3199996948242,48.2599983215332,45.0102386474609,47.91999816894529,48.66999816894529,165000,2017-05-18
19674612,LTC,48.08000183105471,48.119998931884794,45.0570602416992,47.8400001525879,48.33000183105471,152200,2017-05-19
19674627,LTC,48.0999984741211,48.5499992370605,45.4596939086914,48.0699996948242,48.7400016784668,197500,2017-05-22
19674631,LTC,48.7999992370605,48.7999992370605,45.6937789916992,48.6100006103516,49.2400016784668,165800,2017-05-23
19674646,LTC,48.8400001525879,48.529998779296896,45.440956115722706,48.529998779296896,49.5999984741211,209500,2017-05-24
19674650,LTC,48.6100006103516,48.5900001525879,45.4971504211426,48.4099998474121,49.029998779296896,118600,2017-05-25
19674665,LTC,48.560001373290994,47.91999816894529,44.8697929382324,47.8199996948242,48.560001373290994,166500,2017-05-26
19674669,LTC,47.9099998474121,47.9799995422363,44.9259719848633,47.6399993896484,48.2599983215332,154700,2017-05-30
19674684,LTC,48.060001373290994,48.2000007629395,45.1319694519043,47.75,48.369998931884794,259100,2017-05-31
19674688,LTC,48.130001068115206,48.5499992370605,45.4596939086914,47.7700004577637,48.720001220703104,182500,2017-06-01
19674704,LTC,49.0,49.130001068115206,46.0027732849121,48.7700004577637,49.459999084472706,356800,2017-06-02
19674708,LTC,48.8199996948242,48.810001373290994,45.7031478881836,48.7700004577637,49.130001068115206,189500,2017-06-05
19674723,LTC,48.8499984741211,48.560001373290994,45.4690551757812,48.5099983215332,49.1100006103516,158100,2017-06-06
19674727,LTC,48.6500015258789,48.5900001525879,45.4971504211426,48.4000015258789,48.869998931884794,180200,2017-06-07
19674743,LTC,48.470001220703104,48.630001068115206,45.534603118896506,47.939998626709006,48.6500015258789,149500,2017-06-08
19674747,LTC,48.470001220703104,49.119998931884794,45.993408203125,48.119998931884794,49.369998931884794,211200,2017-06-09
19674763,LTC,49.0499992370605,49.7299995422363,46.564579010009794,48.959999084472706,49.75,194500,2017-06-12
19674767,LTC,49.7599983215332,49.880001068115206,46.705039978027294,49.2999992370605,49.959999084472706,141800,2017-06-13
19674782,LTC,50.0,49.4500007629395,46.3024024963379,49.2299995422363,50.25,216200,2017-06-14
19674786,LTC,49.1100006103516,50.0200004577637,46.836124420165994,49.0699996948242,50.1599998474121,170800,2017-06-15
19674802,LTC,49.529998779296896,49.9500007629395,46.770580291748,49.4900016784668,49.9900016784668,343200,2017-06-16
19674806,LTC,49.9500007629395,50.0,46.8173942565918,49.619998931884794,50.029998779296896,203600,2017-06-19
19674822,LTC,49.970001220703104,50.41999816894529,47.390739440918,49.970001220703104,50.7000007629395,302600,2017-06-20
19674826,LTC,50.439998626709006,50.5200004577637,47.4847412109375,50.2599983215332,50.560001373290994,180700,2017-06-21
19674840,LTC,50.5200004577637,50.75,47.700923919677706,50.3400001525879,50.8600006103516,155500,2017-06-22
19674844,LTC,50.880001068115206,51.1399993896484,48.0674896240234,50.779998779296896,51.4000015258789,633400,2017-06-23
19674858,LTC,51.3199996948242,51.33000183105471,48.2460746765137,50.959999084472706,51.4900016784668,160600,2017-06-26
19674862,LTC,51.290000915527294,51.3499984741211,48.2648582458496,51.189998626709006,51.5900001525879,316900,2017-06-27
19674877,LTC,51.4300003051758,51.91999816894529,48.8006248474121,51.3499984741211,52.25,297500,2017-06-28
19674881,LTC,51.540000915527294,51.4300003051758,48.3400688171387,51.0900001525879,51.8600006103516,340700,2017-06-29
19674896,LTC,51.6800003051758,51.3899993896484,48.3024673461914,51.2599983215332,52.0099983215332,356200,2017-06-30
19674900,LTC,51.66999816894529,52.6500015258789,49.48677062988279,51.2599983215332,52.7700004577637,165400,2017-07-03
19674915,LTC,52.8499984741211,51.439998626709006,48.349460601806605,51.1800003051758,52.8499984741211,249100,2017-07-05
19674919,LTC,51.220001220703104,50.459999084472706,47.428337097168,50.3400001525879,51.220001220703104,230000,2017-07-06
19674934,LTC,50.5099983215332,50.369998931884794,47.343746185302706,49.9099998474121,50.6100006103516,213600,2017-07-07
19674938,LTC,50.470001220703104,49.7700004577637,46.7798042297363,49.75,50.720001220703104,151300,2017-07-10
19674952,LTC,49.6800003051758,49.8499984741211,46.8549957275391,49.459999084472706,49.9900016784668,168400,2017-07-11
19674956,LTC,50.119998931884794,50.41999816894529,47.390739440918,50.0200004577637,50.709999084472706,130300,2017-07-12
19674972,LTC,50.439998626709006,50.4099998474121,47.381343841552706,50.0,50.66999816894529,151600,2017-07-13
19674976,LTC,50.7700004577637,50.7400016784668,47.691520690918,50.3899993896484,50.9900016784668,193600,2017-07-14
19674992,LTC,50.810001373290994,51.0999984741211,48.0298957824707,50.5499992370605,51.2599983215332,171300,2017-07-17
19674996,LTC,51.2000007629395,51.16999816894529,48.0956802368164,50.75,51.4000015258789,183500,2017-07-18
19675010,LTC,51.130001068115206,51.2299995422363,48.331546783447294,50.970001220703104,51.4300003051758,111500,2017-07-19
19675014,LTC,51.4500007629395,51.08000183105471,48.190032958984396,51.0499992370605,51.470001220703104,144000,2017-07-20
19675029,LTC,51.4099998474121,51.220001220703104,48.322105407714794,50.8199996948242,51.540000915527294,176100,2017-07-21
19675033,LTC,51.220001220703104,51.279998779296896,48.3787117004395,50.869998931884794,51.5699996948242,235200,2017-07-24
19675048,LTC,51.2400016784668,51.439998626709006,48.529655456543,50.5,51.5900001525879,200800,2017-07-25
19675052,LTC,51.4799995422363,51.66999816894529,48.7466506958008,51.369998931884794,51.83000183105471,185500,2017-07-26
19675067,LTC,51.6800003051758,51.33000183105471,48.4258842468262,51.2000007629395,51.9099998474121,216300,2017-07-27
19675071,LTC,51.3499984741211,51.209999084472706,48.3126754760742,50.959999084472706,51.58000183105471,180400,2017-07-28
19675087,LTC,51.310001373290994,51.6399993896484,48.718345642089794,50.7599983215332,51.6800003051758,181300,2017-07-31
19675091,LTC,51.7400016784668,51.060001373290994,48.1711540222168,51.0099983215332,51.8400001525879,167800,2017-08-01
19675105,LTC,50.869998931884794,50.25,47.4069938659668,50.25,51.1500015258789,283400,2017-08-02
19675109,LTC,50.220001220703104,51.060001373290994,48.1711540222168,50.220001220703104,51.2400016784668,235800,2017-08-03
19675123,LTC,50.869998931884794,50.7999992370605,47.925872802734396,50.5900001525879,51.08000183105471,145300,2017-08-04
19675127,LTC,50.8199996948242,50.5,47.642848968505895,50.3600006103516,50.880001068115206,127800,2017-08-07
19675141,LTC,50.290000915527294,50.3199996948242,47.4730339050293,50.220001220703104,50.5499992370605,146700,2017-08-08
19675145,LTC,50.5900001525879,50.220001220703104,47.378692626953104,49.7400016784668,50.5900001525879,168700,2017-08-09
19675160,LTC,48.7599983215332,48.2999992370605,45.5673141479492,48.0999984741211,49.66999816894529,425000,2017-08-10
19675164,LTC,48.0,46.4900016784668,43.8597183227539,46.0,48.060001373290994,624400,2017-08-11
19675178,LTC,46.75,47.6500015258789,44.954097747802706,46.5499992370605,47.959999084472706,383400,2017-08-14
19675182,LTC,47.5,47.33000183105471,44.652194976806605,46.7999992370605,47.5,200300,2017-08-15
19675197,LTC,47.4300003051758,48.209999084472706,45.4823989868164,47.4300003051758,48.560001373290994,230400,2017-08-16
19675201,LTC,48.0,47.8600006103516,45.1522102355957,47.689998626709006,48.1599998474121,227100,2017-08-17
19675216,LTC,47.5200004577637,47.1100006103516,44.444637298584006,47.0200004577637,47.5699996948242,210500,2017-08-18
19675220,LTC,47.1100006103516,48.220001220703104,45.6760597229004,46.9900016784668,48.3899993896484,205300,2017-08-21
19675236,LTC,48.279998779296896,47.7700004577637,45.2497978210449,47.439998626709006,48.369998931884794,135400,2017-08-22
19675240,LTC,47.720001220703104,48.0699996948242,45.533966064453104,47.630001068115206,48.2000007629395,99400,2017-08-23
19675255,LTC,48.1599998474121,48.1599998474121,45.6192207336426,48.0999984741211,48.4000015258789,165100,2017-08-24
19675259,LTC,48.3600006103516,48.3199996948242,45.770782470703104,48.1100006103516,48.619998931884794,92600,2017-08-25
19675274,LTC,48.41999816894529,47.6500015258789,45.136135101318395,47.3899993896484,48.560001373290994,199300,2017-08-28
19675278,LTC,47.6500015258789,48.0699996948242,45.533966064453104,47.6500015258789,48.3499984741211,192600,2017-08-29
19675292,LTC,47.959999084472706,48.220001220703104,45.6760597229004,47.7299995422363,48.3400001525879,136200,2017-08-30
19675296,LTC,48.4300003051758,48.630001068115206,46.064426422119105,48.220001220703104,48.83000183105471,158100,2017-08-31
19675311,LTC,48.5999984741211,48.790000915527294,46.215980529785206,48.5699996948242,48.939998626709006,103900,2017-09-01
19675315,LTC,48.8899993896484,48.540000915527294,45.97917175292971,48.2700004577637,49.1500015258789,281300,2017-09-05
19675331,LTC,48.7400016784668,48.6399993896484,46.07389831542971,48.6100006103516,49.1599998474121,168600,2017-09-06
19675335,LTC,48.810001373290994,49.0,46.4149055480957,48.279998779296896,49.220001220703104,116000,2017-09-07
19675350,LTC,48.9500007629395,49.1100006103516,46.519100189209006,48.689998626709006,49.459999084472706,137200,2017-09-08
19675354,LTC,49.1100006103516,49.369998931884794,46.7653923034668,49.0900001525879,49.5499992370605,128700,2017-09-11
19675368,LTC,49.3199996948242,48.689998626709006,46.12126159667971,48.5099983215332,49.5499992370605,154800,2017-09-12
19675372,LTC,48.6500015258789,48.7299995422363,46.159152984619105,48.33000183105471,48.7999992370605,215600,2017-09-13
19675387,LTC,48.7000007629395,48.8499984741211,46.272819519043,48.1599998474121,48.8499984741211,154800,2017-09-14
19675391,LTC,48.9900016784668,48.9300003051758,46.348594665527294,48.380001068115206,48.9900016784668,381800,2017-09-15
19675406,LTC,48.9099998474121,48.3199996948242,45.770782470703104,48.1399993896484,48.939998626709006,290000,2017-09-18
19675410,LTC,48.459999084472706,47.5999984741211,45.0887641906738,47.220001220703104,48.459999084472706,340800,2017-09-19
19675425,LTC,47.5499992370605,47.41999816894529,45.098274230957,47.16999816894529,47.6399993896484,203100,2017-09-20
19675429,LTC,47.41999816894529,46.8199996948242,44.5276489257812,46.720001220703104,47.529998779296896,268800,2017-09-21
19675444,LTC,47.1599998474121,46.3899993896484,44.1187057495117,46.2599983215332,47.3600006103516,245600,2017-09-22
19675448,LTC,46.709999084472706,47.040000915527294,44.7368850708008,46.459999084472706,47.3199996948242,305100,2017-09-25
19675463,LTC,47.0099983215332,46.5099983215332,44.2328300476074,46.33000183105471,47.16999816894529,245800,2017-09-26
19675467,LTC,46.3199996948242,46.720001220703104,44.4325485229492,46.0,46.7999992370605,245000,2017-09-27
19675482,LTC,46.709999084472706,46.869998931884794,44.575199127197294,46.5499992370605,47.0,266800,2017-09-28
19675486,LTC,47.0,46.9799995422363,44.679813385009794,46.5999984741211,47.08000183105471,264100,2017-09-29
19675501,LTC,46.9300003051758,47.0999984741211,44.7939453125,46.619998931884794,47.1500015258789,199200,2017-10-02
19675505,LTC,47.0900001525879,47.060001373290994,44.7558937072754,46.6399993896484,47.279998779296896,230800,2017-10-03
19675519,LTC,47.0900001525879,47.0,44.6988372802734,46.7999992370605,47.130001068115206,138300,2017-10-04
19675523,LTC,47.0499992370605,46.869998931884794,44.575199127197294,46.8400001525879,47.1500015258789,146800,2017-10-05
19675539,LTC,46.810001373290994,46.91999816894529,44.6227493286133,46.25,46.9799995422363,140300,2017-10-06
19675543,LTC,46.91999816894529,46.959999084472706,44.660804748535206,46.779998779296896,47.220001220703104,140600,2017-10-09
19675558,LTC,47.189998626709006,46.9900016784668,44.689327239990206,46.75,47.369998931884794,142400,2017-10-10
19675562,LTC,47.1399993896484,47.0200004577637,44.717864990234396,46.9799995422363,47.3499984741211,145900,2017-10-11
19675576,LTC,47.060001373290994,47.1399993896484,44.83198547363279,46.7700004577637,47.2299995422363,138000,2017-10-12
19675580,LTC,47.220001220703104,47.2299995422363,44.917572021484396,46.939998626709006,47.2700004577637,135700,2017-10-13
19675595,LTC,47.2999992370605,47.189998626709006,44.8795356750488,47.0200004577637,47.3899993896484,90700,2017-10-16
19675599,LTC,47.08000183105471,47.2700004577637,44.9556198120117,47.0,47.41999816894529,74800,2017-10-17
19675613,LTC,47.439998626709006,47.5200004577637,45.1933708190918,47.2999992370605,47.7000007629395,131500,2017-10-18
19675617,LTC,47.4500007629395,47.439998626709006,45.1172943115234,47.1500015258789,47.5499992370605,141500,2017-10-19
19675631,LTC,47.4099998474121,47.3400001525879,45.2032318115234,47.0,47.4799995422363,187800,2017-10-20
19675635,LTC,47.2400016784668,47.040000915527294,44.916774749755895,47.0200004577637,47.4500007629395,159600,2017-10-23
19675650,LTC,47.1599998474121,46.75,44.639865875244105,46.290000915527294,47.16999816894529,207000,2017-10-24
19675654,LTC,46.66999816894529,46.189998626709006,44.105140686035206,46.1500015258789,46.8600006103516,176400,2017-10-25
19675670,LTC,46.4799995422363,45.779998779296896,43.7136459350586,45.720001220703104,46.4900016784668,243800,2017-10-26
19675674,LTC,45.9099998474121,46.6100006103516,44.5061836242676,45.66999816894529,46.630001068115206,268200,2017-10-27
19675690,LTC,46.619998931884794,46.529998779296896,44.4297943115234,46.1800003051758,46.709999084472706,136200,2017-10-30
19675694,LTC,46.58000183105471,46.5099983215332,44.4106979370117,46.040000915527294,46.66999816894529,172500,2017-10-31
19675710,LTC,46.5499992370605,46.540000915527294,44.4393463134766,46.060001373290994,46.6500015258789,175800,2017-11-01
19675714,LTC,46.6800003051758,46.310001373290994,44.2197265625,46.209999084472706,46.959999084472706,207500,2017-11-02
19675729,LTC,46.3600006103516,46.7000007629395,44.59211730957029,46.1500015258789,46.779998779296896,152700,2017-11-03
19675733,LTC,46.8499984741211,47.189998626709006,45.0600090026855,46.5900001525879,47.5,209900,2017-11-06
19675749,LTC,47.2000007629395,47.41999816894529,45.279624938964794,47.0099983215332,47.5699996948242,135500,2017-11-07
19675753,LTC,47.4000015258789,47.310001373290994,45.174587249755895,46.9000015258789,47.4300003051758,157900,2017-11-08
19675769,LTC,47.279998779296896,47.0900001525879,44.9645195007324,46.83000183105471,47.75,205600,2017-11-09
19675773,LTC,46.9099998474121,47.630001068115206,45.48014831542971,46.880001068115206,48.1500015258789,210300,2017-11-10
19675787,LTC,47.7599983215332,48.2599983215332,46.0817070007324,47.7599983215332,48.4300003051758,233900,2017-11-13
19675791,LTC,48.310001373290994,48.0,45.83345031738279,47.9900016784668,48.7400016784668,311000,2017-11-14
19675807,LTC,48.0,47.0,44.8785820007324,46.470001220703104,49.5900001525879,449200,2017-11-15
19675811,LTC,47.0699996948242,47.2299995422363,45.0981979370117,46.75,47.4300003051758,252900,2017-11-16
19675826,LTC,47.0200004577637,46.619998931884794,44.5157318115234,46.6100006103516,47.290000915527294,395700,2017-11-17
19675830,LTC,46.75,46.4000015258789,44.305667877197294,46.1500015258789,46.8899993896484,368000,2017-11-20
19675845,LTC,46.41999816894529,46.709999084472706,44.7850532531738,46.25,46.779998779296896,413500,2017-11-21
19675849,LTC,46.8199996948242,46.470001220703104,44.5549468994141,46.41999816894529,46.8499984741211,287700,2017-11-22
19675864,LTC,46.2299995422363,46.6399993896484,44.717945098877,46.2299995422363,46.75,145200,2017-11-24
19675868,LTC,46.6399993896484,46.470001220703104,44.5549468994141,46.4500007629395,46.9900016784668,181100,2017-11-27
19675884,LTC,46.58000183105471,46.5099983215332,44.5933036804199,46.33000183105471,46.75,227700,2017-11-28
19675888,LTC,46.5099983215332,46.369998931884794,44.459068298339794,46.279998779296896,46.630001068115206,191400,2017-11-29
19675902,LTC,46.459999084472706,45.8400001525879,43.9509048461914,45.560001373290994,46.459999084472706,327600,2017-11-30
19675906,LTC,46.0,46.2000007629395,44.2960739135742,45.529998779296896,46.369998931884794,183300,2017-12-01
19675921,LTC,46.3600006103516,45.7299995422363,43.8454475402832,45.6800003051758,46.4300003051758,199800,2017-12-04
19675925,LTC,45.7700004577637,45.3499984741211,43.4811134338379,45.25,45.9099998474121,212800,2017-12-05
19675941,LTC,45.3499984741211,45.130001068115206,43.2701759338379,45.0200004577637,45.5499992370605,161800,2017-12-06
19675947,LTC,45.119998931884794,45.2400016784668,43.3756446838379,44.9099998474121,45.380001068115206,204300,2017-12-07
19675964,LTC,45.380001068115206,45.33000183105471,43.4619293212891,45.2299995422363,45.630001068115206,131400,2017-12-08
19675968,LTC,45.3499984741211,45.4099998474121,43.5386352539062,45.2299995422363,45.5699996948242,113500,2017-12-11
19675984,LTC,45.4900016784668,45.619998931884794,43.7399749755859,45.2400016784668,45.7299995422363,206000,2017-12-12
19675988,LTC,45.7599983215332,45.959999084472706,44.06596374511721,45.75,46.290000915527294,172200,2017-12-13
19676004,LTC,46.0200004577637,46.25,44.3440132141113,45.779998779296896,46.3199996948242,186200,2017-12-14
19676008,LTC,46.2999992370605,46.619998931884794,44.698768615722706,46.2999992370605,46.8400001525879,430800,2017-12-15
19676024,LTC,46.7000007629395,47.0,45.0631103515625,46.7000007629395,47.3899993896484,156200,2017-12-18
19676028,LTC,46.91999816894529,45.08000183105471,43.2222290039062,44.9500007629395,47.0,386700,2017-12-19
19676044,LTC,44.9500007629395,43.91999816894529,42.2882690429688,43.9099998474121,45.2299995422363,257600,2017-12-20
19676048,LTC,44.0,43.459999084472706,41.8453521728516,43.4000015258789,44.0099983215332,198900,2017-12-21
19676064,LTC,43.619998931884794,43.2700004577637,41.6624145507812,43.220001220703104,43.7299995422363,188600,2017-12-22
19676068,LTC,43.25,43.4500007629395,41.835731506347706,43.25,43.709999084472706,139500,2017-12-26
19676083,LTC,43.5699996948242,43.4799995422363,41.864616394043004,43.470001220703104,43.8400001525879,142100,2017-12-27
19676087,LTC,43.6599998474121,43.790000915527294,42.1630973815918,43.33000183105471,43.7999992370605,223500,2017-12-28
19676102,LTC,43.2999992370605,43.5499992370605,41.9320182800293,43.209999084472706,44.119998931884794,368600,2017-12-29
19676106,LTC,43.6599998474121,43.7299995422363,42.10532760620121,43.5,44.0699996948242,198700,2018-01-02
19676122,LTC,43.720001220703104,43.58000183105471,41.9609031677246,43.41999816894529,44.0200004577637,170700,2018-01-03
19676126,LTC,43.689998626709006,42.7400016784668,41.1521110534668,42.7400016784668,43.7299995422363,335100,2018-01-04
19676140,LTC,42.790000915527294,42.5900001525879,41.0076866149902,42.430000305175795,42.930000305175795,216000,2018-01-05
19676144,LTC,42.6199989318848,42.7599983215332,41.171360015869105,42.3699989318848,43.1500015258789,329100,2018-01-08
19676159,LTC,42.6500015258789,42.0800018310547,40.516628265380895,41.939998626709,42.7999992370605,305800,2018-01-09
19676163,LTC,41.7999992370605,41.2000007629395,39.669319152831996,40.6500015258789,42.060001373291,692800,2018-01-10
19676177,LTC,41.3400001525879,41.040000915527294,39.515266418456996,40.970001220703104,41.3800010681152,242000,2018-01-11
19676181,LTC,41.1100006103516,40.3899993896484,38.889411926269496,40.290000915527294,41.1699981689453,251600,2018-01-12
19676197,LTC,40.529998779296896,40.529998779296896,39.0242156982422,40.52000045776371,41.189998626709,324800,2018-01-16
19676201,LTC,40.5999984741211,41.209999084472706,39.678947448730504,40.529998779296896,41.209999084472706,199500,2018-01-17
19676216,LTC,41.1500015258789,40.689998626709,39.1782684326172,40.6199989318848,41.1500015258789,185600,2018-01-18
19676220,LTC,40.5999984741211,41.040000915527294,39.515266418456996,40.5800018310547,41.040000915527294,199400,2018-01-19
19676235,LTC,40.810001373291,40.9500007629395,39.612003326416,40.689998626709,41.1599998474121,222700,2018-01-22
19676239,LTC,41.0,41.5900001525879,40.231086730956996,40.9000015258789,41.5900001525879,278100,2018-01-23
19676254,LTC,41.5900001525879,41.27000045776371,39.921546936035206,41.209999084472706,41.6399993896484,192500,2018-01-24
19676258,LTC,41.2000007629395,41.569999694824205,40.211742401123,41.1100006103516,41.569999694824205,257300,2018-01-25
19676273,LTC,41.75,40.97999954223629,39.6410140991211,40.97999954223629,41.8800010681152,187900,2018-01-26
19676277,LTC,40.75,40.5900001525879,39.2637596130371,40.220001220703104,40.819999694824205,254600,2018-01-29
19676292,LTC,40.3800010681152,40.0900001525879,38.780097961425795,39.9000015258789,40.6199989318848,251300,2018-01-30
19676296,LTC,40.2000007629395,40.97999954223629,39.6410140991211,40.2000007629395,41.02000045776371,318600,2018-01-31
19676311,LTC,40.8499984741211,39.689998626709,38.3931655883789,39.6599998474121,41.2400016784668,310400,2018-02-01
19676315,LTC,39.5099983215332,39.819999694824205,38.5189170837402,39.069999694824205,39.9199981689453,272300,2018-02-02
19676331,LTC,39.6500015258789,38.22999954223629,36.9808692932129,38.180000305175795,40.02000045776371,307700,2018-02-05
19676335,LTC,37.6300010681152,38.47999954223629,37.2226982116699,37.2999992370605,38.569999694824205,350500,2018-02-06
19676351,LTC,38.47999954223629,38.4900016784668,37.2323799133301,38.3400001525879,39.290000915527294,248400,2018-02-07
19676355,LTC,38.4099998474121,37.529998779296896,36.303741455078104,37.4900016784668,38.8899993896484,248400,2018-02-08
19676372,LTC,37.7999992370605,38.560001373291,37.3000907897949,37.5,38.810001373291,303200,2018-02-09
19676376,LTC,38.6699981689453,37.8899993896484,36.651985168456996,36.930000305175795,38.6699981689453,303400,2018-02-12
19676393,LTC,37.689998626709,38.2000007629395,36.9518547058105,37.3899993896484,38.3400001525879,175800,2018-02-13
19676397,LTC,37.680000305175795,37.310001373291,36.090934753418004,37.1300010681152,37.8400001525879,266700,2018-02-14
19676413,LTC,37.439998626709,37.77000045776371,36.5359039306641,37.3499984741211,38.0800018310547,203800,2018-02-15
19676417,LTC,37.560001373291,38.180000305175795,37.119235992431605,37.560001373291,38.319999694824205,342900,2018-02-16
19676433,LTC,38.1100006103516,37.810001373291,36.7595176696777,37.7000007629395,38.5800018310547,469200,2018-02-20
19676437,LTC,38.279998779296896,37.470001220703104,36.4289588928223,37.4500007629395,38.529998779296896,456700,2018-02-21
19676453,LTC,37.7999992370605,37.5999984741211,36.5553436279297,37.470001220703104,38.209999084472706,257700,2018-02-22
19676457,LTC,37.9199981689453,38.459999084472706,37.391452789306605,37.75,38.459999084472706,286700,2018-02-23
19676473,LTC,38.6399993896484,38.52000045776371,37.4497833251953,38.1599998474121,38.720001220703104,196800,2018-02-26
19676477,LTC,38.5499992370605,37.5800018310547,36.5359039306641,37.5800018310547,38.930000305175795,303400,2018-02-27
19676493,LTC,37.819999694824205,36.9500007629395,35.9234046936035,36.9000015258789,37.9900016784668,389800,2018-02-28
19676497,LTC,36.9900016784668,37.75,36.7011756896973,36.959999084472706,37.9000015258789,246000,2018-03-01
19676513,LTC,37.279998779296896,37.970001220703104,36.915069580078104,37.0099983215332,38.25,251700,2018-03-02
19676517,LTC,37.75,38.319999694824205,37.255344390869105,37.75,38.569999694824205,280300,2018-03-05
19676533,LTC,38.189998626709,38.3400001525879,37.2747840881348,37.8400001525879,38.540000915527294,251500,2018-03-06
19676537,LTC,38.1399993896484,39.1199989318848,38.033111572265604,38.1399993896484,39.180000305175795,329800,2018-03-07
19676553,LTC,39.0800018310547,39.060001373291,37.9747886657715,38.8499984741211,39.4099998474121,233700,2018-03-08
19676557,LTC,39.209999084472706,39.3800010681152,38.285888671875,38.779998779296896,39.439998626709,283900,2018-03-09
19676573,LTC,39.430000305175795,39.7999992370605,38.6942253112793,39.310001373291,39.8899993896484,371100,2018-03-12
19676577,LTC,39.8600006103516,39.040000915527294,37.95534133911129,38.9000015258789,40.0900001525879,403600,2018-03-13
19676593,LTC,39.220001220703104,39.1300010681152,38.0428428649902,38.939998626709,39.439998626709,254400,2018-03-14
19676597,LTC,39.1300010681152,38.8300018310547,37.7511787414551,38.5099983215332,39.2000007629395,187300,2018-03-15
19676613,LTC,38.7999992370605,39.0900001525879,38.0039520263672,38.5099983215332,39.1300010681152,461800,2018-03-16
19676617,LTC,39.029998779296896,38.75,37.673393249511705,38.4900016784668,39.029998779296896,287400,2018-03-19
19676633,LTC,38.720001220703104,38.029998779296896,36.973396301269496,37.9199981689453,38.7999992370605,442300,2018-03-20
19676637,LTC,37.8600006103516,37.2999992370605,36.4457664489746,37.1399993896484,37.8600006103516,307000,2018-03-21
19676653,LTC,37.2400016784668,37.470001220703104,36.611873626709,37.220001220703104,38.3499984741211,302700,2018-03-22
19676657,LTC,37.680000305175795,36.5499992370605,35.7129402160645,36.47999954223629,37.680000305175795,316600,2018-03-23
19676673,LTC,36.6699981689453,36.720001220703104,35.8790512084961,36.1699981689453,36.75,259500,2018-03-26
19676677,LTC,36.9000015258789,36.939998626709,36.0940093994141,36.3300018310547,37.5,313800,2018-03-27
19676693,LTC,37.180000305175795,38.0499992370605,37.1785888671875,37.180000305175795,38.310001373291,343400,2018-03-28
19676697,LTC,38.1699981689453,38.0,37.129734039306605,37.72999954223629,38.290000915527294,259500,2018-03-29
19676713,LTC,38.02000045776371,37.069999694824205,36.221031188964794,36.959999084472706,38.0900001525879,295500,2018-04-02
19676717,LTC,37.2400016784668,37.540000915527294,36.680271148681605,36.6300010681152,37.8499984741211,284500,2018-04-03
19676733,LTC,37.2999992370605,37.939998626709,37.071113586425795,37.1100006103516,38.310001373291,274400,2018-04-04
19676737,LTC,38.02000045776371,37.5099983215332,36.6509552001953,37.430000305175795,38.02000045776371,225900,2018-04-05
19676753,LTC,37.47999954223629,37.4900016784668,36.631416320800795,37.3600006103516,37.8600006103516,185600,2018-04-06
19676757,LTC,37.5800018310547,37.27000045776371,36.4164543151855,37.0900001525879,37.72999954223629,168100,2018-04-09
19676773,LTC,37.47999954223629,37.25,36.3969116210938,37.1599998474121,37.47999954223629,171500,2018-04-10
19676777,LTC,37.1500015258789,37.209999084472706,36.357826232910206,37.1399993896484,37.5499992370605,162400,2018-04-11
19676794,LTC,37.209999084472706,36.4099998474121,35.576145172119105,36.2599983215332,37.209999084472706,353700,2018-04-12
19676798,LTC,36.4000015258789,36.470001220703104,35.6347770690918,36.0999984741211,36.470001220703104,267000,2018-04-13
19676814,LTC,36.560001373291,36.819999694824205,35.976753234863295,36.2999992370605,36.9199981689453,213100,2018-04-16
19676818,LTC,36.8499984741211,37.2599983215332,36.406681060791,36.779998779296896,37.439998626709,268100,2018-04-17
19676834,LTC,37.4099998474121,37.0900001525879,36.2405776977539,37.0099983215332,37.4099998474121,177700,2018-04-18
19676838,LTC,36.8699989318848,36.290000915527294,35.6414794921875,36.0499992370605,37.0099983215332,157800,2018-04-19
19676854,LTC,36.1500015258789,35.1399993896484,34.5120277404785,35.0900001525879,36.3800010681152,803200,2018-04-20
19676858,LTC,35.220001220703104,34.8899993896484,34.2664947509766,34.5900001525879,35.439998626709,403900,2018-04-23
19676874,LTC,35.0,35.1599998474121,34.5316696166992,34.4599990844727,35.3400001525879,477600,2018-04-24
19676878,LTC,35.0999984741211,34.8499984741211,34.2272109985352,34.720001220703104,35.22999954223629,277000,2018-04-25
19676894,LTC,35.0400009155273,35.279998779296896,34.649524688720696,34.8600006103516,35.77000045776371,360800,2018-04-26
19676898,LTC,35.3699989318848,36.1399993896484,35.49415969848629,35.3699989318848,36.4199981689453,264300,2018-04-27
19676914,LTC,36.2400016784668,36.1500015258789,35.503978729248,36.0,36.5,361500,2018-04-30
19676918,LTC,36.0999984741211,36.8600006103516,36.2012901306152,36.0999984741211,36.939998626709,270200,2018-05-01
19676935,LTC,36.7400016784668,36.5800018310547,35.926300048828104,36.189998626709,36.8499984741211,237400,2018-05-02
19676939,LTC,36.540000915527294,36.7400016784668,36.0834350585938,36.4199981689453,37.060001373291,220400,2018-05-03
19676956,LTC,36.7400016784668,37.2000007629395,36.5352172851562,36.7000007629395,37.3600006103516,139300,2018-05-04
19676960,LTC,37.25,37.5900001525879,36.918243408203104,37.0900001525879,37.75,170400,2018-05-07
19676976,LTC,37.529998779296896,37.470001220703104,36.800388336181605,37.1500015258789,37.5999984741211,197700,2018-05-08
19676980,LTC,37.430000305175795,38.1300010681152,37.4485969543457,37.279998779296896,38.220001220703104,328300,2018-05-09
19676995,LTC,38.2599983215332,39.22999954223629,38.528938293456996,38.220001220703104,39.3600006103516,410100,2018-05-10
19676999,LTC,39.2400016784668,39.3300018310547,38.6271476745605,38.8699989318848,39.439998626709,327200,2018-05-11
19677015,LTC,39.3300018310547,39.4500007629395,38.7450065612793,39.2400016784668,39.5999984741211,445300,2018-05-14
19677019,LTC,39.1100006103516,38.939998626709,38.2441177368164,38.680000305175795,39.25,383700,2018-05-15
19677035,LTC,38.959999084472706,39.1399993896484,38.440544128418004,38.9500007629395,39.2999992370605,338900,2018-05-16
19677039,LTC,39.220001220703104,39.060001373291,38.3619804382324,38.790000915527294,39.310001373291,347300,2018-05-17
19677055,LTC,39.220001220703104,39.0099983215332,38.3128700256348,38.8300018310547,39.3600006103516,295000,2018-05-18
19677059,LTC,39.1500015258789,39.4900016784668,38.784294128418004,38.6699981689453,39.540000915527294,244600,2018-05-21
19677075,LTC,39.2400016784668,39.4000015258789,38.8829803466797,39.029998779296896,39.560001373291,297900,2018-05-22
19677079,LTC,38.6199989318848,39.5900001525879,39.070484161377,38.6199989318848,39.72999954223629,374000,2018-05-23
19677095,LTC,39.689998626709,39.9199981689453,39.3961524963379,39.3400001525879,39.9199981689453,194500,2018-05-24
19677099,LTC,40.040000915527294,40.1300010681152,39.603401184081996,39.930000305175795,40.3600006103516,121900,2018-05-25
19677115,LTC,40.1300010681152,40.6599998474121,40.12644577026371,39.97999954223629,40.72999954223629,244500,2018-05-29
19677119,LTC,40.689998626709,41.25,40.708702087402294,40.4500007629395,41.3600006103516,232200,2018-05-30
19677135,LTC,41.25,41.1399993896484,40.6001434326172,40.9099998474121,41.3600006103516,415200,2018-05-31
19677139,LTC,41.2000007629395,41.52000045776371,40.9751586914062,40.9500007629395,41.779998779296896,390500,2018-06-01
19677155,LTC,41.6199989318848,41.8600006103516,41.310695648193395,41.2599983215332,41.8899993896484,343400,2018-06-04
19677159,LTC,41.97999954223629,41.4500007629395,40.906078338623,41.4099998474121,41.97999954223629,217100,2018-06-05
19677175,LTC,41.2999992370605,41.4900016784668,40.945556640625,40.970001220703104,41.5099983215332,226900,2018-06-06
19677179,LTC,41.540000915527294,41.6199989318848,41.073844909668004,41.0499992370605,41.6599998474121,306700,2018-06-07
19677195,LTC,41.569999694824205,41.5800018310547,41.0343742370605,41.5499992370605,41.819999694824205,183300,2018-06-08
19677199,LTC,41.5999984741211,41.6300010681152,41.0837173461914,41.470001220703104,41.75,135400,2018-06-11
19677216,LTC,41.6300010681152,42.2599983215332,41.7054481506348,41.529998779296896,42.290000915527294,194700,2018-06-12
19677220,LTC,42.2400016784668,41.6199989318848,41.073844909668004,41.4099998474121,42.540000915527294,193900,2018-06-13
19677237,LTC,41.810001373291,42.4199981689453,41.863349914550795,41.7599983215332,42.439998626709,134200,2018-06-14
19677241,LTC,42.459999084472706,42.47999954223629,41.9225616455078,42.3899993896484,42.9000015258789,302000,2018-06-15
19677257,LTC,42.47999954223629,42.430000305175795,41.873218536377,42.029998779296896,42.6699981689453,146700,2018-06-18
19677261,LTC,42.290000915527294,42.040000915527294,41.488334655761705,41.959999084472706,42.6699981689453,330500,2018-06-19
19677277,LTC,41.9900016784668,42.4000015258789,42.0335845947266,41.569999694824205,42.560001373291,405000,2018-06-20
19677281,LTC,42.430000305175795,42.290000915527294,41.924533843994105,42.060001373291,42.470001220703104,246200,2018-06-21
19677297,LTC,42.4199981689453,42.4099998474121,42.043495178222706,42.1100006103516,42.540000915527294,455800,2018-06-22
19677301,LTC,42.4900016784668,42.680000305175795,42.311164855956996,42.1399993896484,42.75,157000,2018-06-25
19677318,LTC,42.6699981689453,42.8499984741211,42.4796943664551,42.5499992370605,43.060001373290994,182700,2018-06-26
19677322,LTC,43.060001373290994,42.5099983215332,42.142631530761705,42.5099983215332,43.060001373290994,135100,2018-06-27
19677338,LTC,42.5499992370605,42.8699989318848,42.499519348144496,42.4099998474121,42.9900016784668,141800,2018-06-28
19677342,LTC,42.9000015258789,42.7400016784668,42.3706474304199,42.439998626709,43.060001373290994,227900,2018-06-29
19677357,LTC,42.72999954223629,42.8899993896484,42.5193481445312,42.2000007629395,42.939998626709,205800,2018-07-02
19677361,LTC,43.040000915527294,43.119998931884794,42.7473602294922,42.709999084472706,43.4900016784668,207800,2018-07-03
19677376,LTC,43.3400001525879,43.7400016784668,43.3620071411133,42.970001220703104,43.7400016784668,195300,2018-07-05
19677380,LTC,43.8400001525879,43.9000015258789,43.520622253418,43.560001373290994,44.060001373290994,168200,2018-07-06
19677396,LTC,43.9000015258789,42.9900016784668,42.6184844970703,42.7599983215332,43.9099998474121,224400,2018-07-09
19677400,LTC,42.8699989318848,42.6699981689453,42.3012466430664,42.569999694824205,43.2400016784668,310500,2018-07-10
19677416,LTC,42.5900001525879,42.3499984741211,41.9840126037598,42.3300018310547,42.930000305175795,300900,2018-07-11
19677420,LTC,42.3899993896484,42.3899993896484,42.0236701965332,42.0499992370605,42.569999694824205,187900,2018-07-12
19677436,LTC,42.4900016784668,42.1599998474121,41.7956581115723,42.069999694824205,42.709999084472706,147200,2018-07-13
19677440,LTC,42.1500015258789,41.810001373291,41.4486846923828,41.689998626709,42.279998779296896,152200,2018-07-16
19677456,LTC,41.8300018310547,41.4099998474121,41.0521392822266,41.310001373291,42.1500015258789,279900,2018-07-17
19677460,LTC,41.25,41.1699981689453,40.8142127990723,40.7999992370605,41.5099983215332,162400,2018-07-18
19677476,LTC,41.180000305175795,42.0499992370605,41.686607360839794,41.1500015258789,42.2000007629395,141600,2018-07-19
19677480,LTC,41.8899993896484,41.7000007629395,41.527271270752,41.430000305175795,42.02000045776371,136200,2018-07-20
19677496,LTC,41.720001220703104,41.4000015258789,41.228515625,41.069999694824205,41.819999694824205,145600,2018-07-23
19677500,LTC,41.5099983215332,40.970001220703104,40.8002967834473,40.7599983215332,41.5099983215332,186500,2018-07-24
19677516,LTC,40.9500007629395,41.459999084472706,41.2882652282715,40.8300018310547,41.6300010681152,161000,2018-07-25
19677520,LTC,41.4900016784668,41.6199989318848,41.447601318359396,41.4900016784668,42.0,118100,2018-07-26
19677536,LTC,41.810001373291,41.220001220703104,41.049263000488295,40.8499984741211,41.97999954223629,236900,2018-07-27
19677540,LTC,41.069999694824205,41.560001373291,41.3878517150879,41.0,41.6699981689453,134900,2018-07-30
19677555,LTC,41.72999954223629,42.1699981689453,41.995323181152294,41.6500015258789,42.7599983215332,194300,2018-07-31
19677559,LTC,41.8600006103516,42.2400016784668,42.065036773681605,41.430000305175795,42.2599983215332,110900,2018-08-01
19677575,LTC,42.22999954223629,42.060001373291,41.885780334472706,41.939998626709,42.4000015258789,88800,2018-08-02
19677579,LTC,42.1599998474121,42.6100006103516,42.433502197265604,41.959999084472706,42.6300010681152,143700,2018-08-03
19677595,LTC,42.540000915527294,42.6699981689453,42.4932518005371,42.540000915527294,42.930000305175795,112500,2018-08-06
19677599,LTC,42.75,42.9099998474121,42.7322578430176,42.470001220703104,42.959999084472706,102900,2018-08-07
19677615,LTC,42.8699989318848,42.3300018310547,42.1546630859375,42.2400016784668,42.8699989318848,121200,2018-08-08
19677619,LTC,42.9000015258789,43.290000915527294,43.110687255859396,42.25,43.5900001525879,178700,2018-08-09
19677635,LTC,43.0999984741211,43.1599998474121,42.9812240600586,42.4900016784668,43.5900001525879,157800,2018-08-10
19677639,LTC,43.1599998474121,43.459999084472706,43.2799797058105,43.0200004577637,43.5099983215332,156900,2018-08-13
19677655,LTC,43.5,44.2400016784668,44.0567512512207,43.4000015258789,44.4099998474121,250000,2018-08-14
19677659,LTC,44.2599983215332,44.8199996948242,44.6343460083008,44.2000007629395,44.91999816894529,188300,2018-08-15
19677674,LTC,44.880001068115206,45.2999992370605,45.1123580932617,44.5999984741211,45.3499984741211,253200,2018-08-16
19677678,LTC,45.3600006103516,45.8199996948242,45.6302070617676,45.290000915527294,45.9500007629395,191000,2018-08-17
19677694,LTC,46.0,45.7700004577637,45.580413818359396,45.66999816894529,46.4300003051758,254300,2018-08-20
19677698,LTC,45.7999992370605,45.869998931884794,45.679996490478494,45.6500015258789,46.0999984741211,193100,2018-08-21
19677714,LTC,45.58000183105471,45.6599998474121,45.6599998474121,45.2400016784668,45.6800003051758,108400,2018-08-22
19677718,LTC,45.6399993896484,45.5499992370605,45.5499992370605,45.5,45.75,85200,2018-08-23
19677734,LTC,45.5699996948242,45.6800003051758,45.6800003051758,45.279998779296896,45.7299995422363,114500,2018-08-24
